137 - 126 2
100 - 35 46
140 - 48 28
21 - 152 41
47 - 61 5
81 - 4 21
116 - 100 19
14 - 39 16
15 - 188 43
153 - 154 11
103 - 10 0
89 - 194 6
137 - 26 35
16 - 66 4
3 - 153 5
173 - 188 9
104 - 42 31
154 - 151 35
94 - 57 44
182 - 176 11
86 - 107 46
106 - 160 11
54 - 52 3
76 - 13 30
1 - 15 43
40 - 41 50
8 - 57 4
4 - 1 18
100 - 158 17
90 - 15 16
109 - 17 26
18 - 22 2
151 - 126 7
65 - 159 0
171 - 123 2
159 - 109 26
66 - 47 1
193 - 94 27
36 - 92 30
8 - 109 36
54 - 165 20
32 - 158 31
102 - 150 5
120 - 128 46
10 - 103 26
28 - 2 26
151 - 107 44
101 - 33 21
35 - 108 11
127 - 82 10
42 - 49 37
29 - 33 4
101 - 8 9
93 - 115 28
106 - 4 39
190 - 68 38
2 - 100 20
126 - 89 2
47 - 33 3
143 - 149 30
6 - 111 31
34 - 31 48
103 - 100 37
55 - 150 2
57 - 92 47
112 - 159 15
88 - 80 23
10 - 109 28
30 - 11 21
166 - 66 36
75 - 18 24
109 - 54 22
2 - 3 3
100 - 41 3
143 - 170 6
184 - 54 40
168 - 116 6
2 - 52 2
128 - 126 1
27 - 55 18
30 - 5 4
158 - 51 9
26 - 14 37
66 - 16 39
161 - 140 47
69 - 118 33
31 - 29 37
38 - 63 28
101 - 103 25
153 - 77 6
109 - 125 26
63 - 137 48
131 - 97 39
107 - 8 10
16 - 115 2
109 - 59 5
29 - 40 48
78 - 4 2
106 - 118 43
13 - 87 2
72 - 170 23
74 - 85 35
175 - 156 19
154 - 151 21
75 - 57 44
162 - 103 36
128 - 41 25
4 - 114 10
48 - 45 48
80 - 66 16
115 - 109 20
77 - 26 33
55 - 151 28
94 - 143 9
9 - 16 30
106 - 24 10
125 - 26 19
2 - 38 3
159 - 24 20
19 - 139 41
29 - 49 12
191 - 19 40
44 - 16 42
151 - 125 32
130 - 7 31
35 - 62 0
40 - 42 34
8 - 106 27
49 - 143 37
175 - 177 24
127 - 91 38
7 - 76 15
51 - 127 18
37 - 4 17
194 - 119 24
123 - 71 7
107 - 23 13
88 - 96 42
14 - 126 6
121 - 137 18
13 - 52 9
124 - 14 15
112 - 3 44
14 - 7 42
130 - 31 49
4 - 51 32
80 - 89 42
130 - 132 47
1 - 41 24
115 - 121 34
59 - 21 24
196 - 26 4
22 - 139 32
56 - 71 42
156 - 129 29
168 - 161 43
63 - 17 37
87 - 53 38
112 - 124 15
14 - 27 9
28 - 32 47
27 - 4 31
136 - 106 11
159 - 162 28
151 - 112 30
144 - 196 27
165 - 109 21
102 - 140 12
9 - 3 18
19 - 52 9
6 - 18 3
126 - 131 26
24 - 6 28
35 - 86 37
2 - 115 39
171 - 32 33
196 - 19 44
4 - 2 25
113 - 70 40
22 - 107 28
142 - 117 24
44 - 142 31
11 - 44 20
129 - 29 23
62 - 24 17
14 - 89 0
125 - 85 37
154 - 58 19
165 - 128 37
130 - 123 16
22 - 7 14
13 - 38 6
129 - 2 32
26 - 106 0
71 - 60 4
60 - 58 37
13 - 122 50
113 - 190 7
63 - 151 47
131 - 9 46
35 - 38 19
5 - 125 35
156 - 155 28
82 - 182 43
12 - 28 23
85 - 84 49
153 - 196 1
1 - 33 48
66 - 76 4
52 - 77 2
113 - 112 24
26 - 48 4
121 - 43 17
28 - 136 29
139 - 145 11
32 - 27 41
69 - 98 28
88 - 69 16
65 - 51 3
63 - 32 31
153 - 57 41
109 - 12 29
41 - 44 23
54 - 55 44
128 - 131 20
41 - 91 3
4 - 109 0
109 - 120 35
175 - 125 45
139 - 43 22
29 - 28 28
14 - 4 17
58 - 2 11
7 - 6 20
1 - 36 3
191 - 147 16
118 - 69 31
88 - 13 6
72 - 35 38
163 - 16 45
185 - 76 18
53 - 103 18
73 - 171 2
100 - 53 30
83 - 151 14
127 - 118 45
125 - 2 43
47 - 32 29
37 - 57 40
107 - 112 41
113 - 39 9
100 - 107 19
59 - 181 35
195 - 35 13
190 - 57 4
17 - 68 46
13 - 112 4
87 - 28 8
4 - 50 28
106 - 101 7
175 - 80 14
182 - 177 27
76 - 181 23
19 - 8 16
143 - 92 27
10 - 5 42
154 - 191 22
187 - 188 0
106 - 7 17
2 - 64 10
104 - 101 16
8 - 13 3
46 - 72 26
4 - 7 1
85 - 26 25
8 - 23 33
44 - 45 21
144 - 41 47
50 - 82 44
134 - 36 44
157 - 82 36
10 - 26 32
13 - 121 39
71 - 199 34
44 - 2 18
131 - 118 24
103 - 100 48
167 - 162 47
55 - 62 44
76 - 1 26
40 - 39 26
131 - 76 11
90 - 40 34
187 - 176 14
155 - 154 0
115 - 4 34
162 - 163 13
107 - 16 44
77 - 76 47
53 - 76 7
35 - 31 18
103 - 190 22
183 - 180 28
16 - 1 40
10 - 34 38
32 - 9 11
112 - 13 48
38 - 41 18
101 - 107 43
33 - 137 33
165 - 92 38
103 - 134 39
19 - 162 32
88 - 90 12
56 - 53 18
6 - 11 22
118 - 162 22
30 - 72 6
103 - 10 40
1 - 26 14
1 - 62 8
26 - 44 21
19 - 21 18
69 - 14 5
84 - 71 45
97 - 38 14
106 - 5 28
59 - 164 32
73 - 108 45
157 - 168 0
102 - 104 10
192 - 74 30
5 - 125 32
20 - 47 46
64 - 73 10
29 - 38 33
160 - 129 36
65 - 95 3
71 - 54 8
6 - 60 29
196 - 47 21
79 - 2 20
38 - 76 23
41 - 112 31
26 - 37 37
82 - 8 49
156 - 150 14
77 - 63 18
105 - 67 43
44 - 5 42
14 - 15 17
29 - 4 25
1 - 41 16
115 - 153 8
16 - 115 10
119 - 115 42
23 - 19 45
74 - 160 35
28 - 2 41
51 - 54 37
83 - 8 46
35 - 1 5
54 - 10 48
75 - 16 42
82 - 7 43
178 - 30 39
137 - 125 28
7 - 5 0
34 - 3 33
184 - 84 50
61 - 101 4
178 - 184 49
112 - 100 48
44 - 13 27
32 - 9 27
143 - 140 1
1 - 47 15
190 - 142 47
4 - 26 32
198 - 72 39
77 - 51 5
139 - 129 17
26 - 82 24
82 - 73 20
101 - 168 2
88 - 13 3
107 - 23 8
109 - 114 5
51 - 106 22
151 - 150 18
158 - 175 1
53 - 66 8
185 - 86 12
118 - 162 19
94 - 187 32
53 - 49 10
175 - 88 31
159 - 84 17
175 - 122 2
66 - 53 38
156 - 150 1
16 - 146 8
61 - 60 16
22 - 63 9
155 - 184 16
10 - 121 37
187 - 51 21
10 - 118 48
57 - 60 24
53 - 131 42
132 - 181 8
29 - 88 33
159 - 156 20
29 - 91 38
39 - 92 22
51 - 77 10
125 - 177 24
165 - 115 38
27 - 13 21
57 - 100 39
66 - 60 15
100 - 117 12
131 - 38 38
19 - 4 49
137 - 114 40
109 - 159 0
1 - 100 5
154 - 30 21
152 - 159 27
78 - 57 46
99 - 168 38
4 - 71 1
174 - 41 39
66 - 6 46
186 - 148 49
162 - 72 48
65 - 71 9
67 - 9 50
102 - 109 30
4 - 53 17
157 - 107 43
18 - 40 22
52 - 39 30
165 - 106 39
134 - 36 46
63 - 68 3
93 - 165 19
107 - 109 6
16 - 4 1
66 - 53 5
102 - 26 26
151 - 176 50
183 - 54 25
88 - 57 9
105 - 115 41
7 - 161 28
140 - 177 42
177 - 41 20
66 - 91 42
54 - 103 29
80 - 26 17
13 - 102 26
153 - 150 16
159 - 119 36
64 - 52 6
162 - 152 39
88 - 51 16
57 - 54 49
82 - 83 7
8 - 110 17
181 - 127 27
163 - 113 0
53 - 56 40
106 - 150 46
55 - 137 29
174 - 7 21
66 - 39 27
57 - 54 40
43 - 56 43
27 - 69 23
166 - 155 41
55 - 185 49
128 - 55 2
10 - 159 45
26 - 125 10
13 - 16 33
151 - 154 32
1 - 28 32
115 - 114 5
178 - 61 16
85 - 82 46
38 - 35 50
93 - 44 4
69 - 52 25
91 - 29 17
74 - 66 4
132 - 164 14
110 - 106 12
90 - 13 45
63 - 88 4
6 - 90 28
44 - 20 11
117 - 115 4
151 - 125 16
13 - 113 21
102 - 152 26
51 - 77 47
187 - 118 20
25 - 39 17
187 - 85 42
191 - 167 15
4 - 19 1
69 - 150 30
32 - 143 28
162 - 60 40
86 - 92 34
170 - 103 4
137 - 4 26
94 - 146 20
53 - 7 7
51 - 7 26
41 - 126 44
81 - 82 45
56 - 155 6
1 - 100 9
70 - 158 15
101 - 7 50
12 - 9 17
99 - 158 26
123 - 8 19
11 - 9 9
61 - 11 4
116 - 41 34
83 - 40 47
150 - 101 23
63 - 66 45
156 - 69 48
54 - 14 29
103 - 4 41
79 - 29 32
34 - 127 13
35 - 7 14
173 - 38 5
134 - 181 44
82 - 76 26
18 - 44 19
131 - 37 9
44 - 83 4
178 - 39 21
107 - 11 10
167 - 44 2
139 - 140 4
121 - 107 17
161 - 106 45
95 - 85 16
125 - 43 50
66 - 103 39
22 - 11 11
33 - 35 6
77 - 88 4
1 - 10 44
134 - 31 33
1 - 109 15
22 - 57 15
196 - 40 38
109 - 115 36
118 - 119 20
130 - 103 17
79 - 35 1
47 - 146 11
82 - 9 38
63 - 18 40
26 - 78 39
56 - 13 14
20 - 34 50
82 - 134 17
68 - 55 38
18 - 141 28
178 - 83 35
86 - 72 50
1 - 63 40
7 - 34 28
24 - 143 14
7 - 38 42
2 - 52 5
127 - 14 30
63 - 137 35
143 - 13 12
165 - 91 43
169 - 181 7
66 - 10 2
120 - 13 1
71 - 160 30
119 - 146 9
48 - 26 27
187 - 32 34
50 - 7 14
140 - 71 50
9 - 19 40
160 - 119 8
94 - 85 50
101 - 41 30
165 - 5 47
121 - 44 36
54 - 126 27
140 - 162 40
66 - 10 4
44 - 127 28
128 - 160 39
60 - 17 0
22 - 171 18
3 - 14 46
22 - 153 44
181 - 94 34
7 - 106 2
9 - 7 18
51 - 13 46
79 - 10 47
81 - 177 18
59 - 82 38
5 - 60 44
6 - 56 44
85 - 82 18
8 - 72 30
69 - 13 11
64 - 104 14
44 - 143 22
25 - 22 42
180 - 81 24
131 - 183 35
66 - 170 36
141 - 147 11
137 - 100 13
180 - 66 44
106 - 103 34
29 - 25 26
104 - 129 21
63 - 4 41
187 - 144 20
184 - 82 36
130 - 128 23
171 - 2 8
10 - 142 2
157 - 134 40
181 - 156 4
9 - 28 34
171 - 184 38
165 - 51 9
103 - 106 8
104 - 5 28
55 - 4 21
105 - 155 26
163 - 63 16
38 - 86 5
46 - 65 32
18 - 41 2
81 - 10 27
121 - 197 40
53 - 81 12
103 - 16 39
16 - 3 38
2 - 13 14
2 - 59 39
47 - 91 17
94 - 181 4
9 - 170 36
196 - 191 33
128 - 30 18
13 - 29 46
151 - 176 3
197 - 181 1
84 - 32 37
7 - 8 43
115 - 121 0
7 - 3 44
51 - 176 37
15 - 40 26
24 - 117 32
97 - 69 42
29 - 10 36
66 - 8 40
42 - 178 29
129 - 140 8
84 - 85 7
192 - 92 44
156 - 178 25
91 - 49 7
91 - 15 30
19 - 107 30
1 - 76 38
169 - 166 42
36 - 139 45
15 - 18 31
191 - 72 8
60 - 1 50
54 - 4 33
137 - 134 32
15 - 13 19
91 - 69 40
199 - 90 2
133 - 105 25
63 - 13 1
15 - 168 16
14 - 109 26
181 - 78 11
59 - 150 2
126 - 107 36
11 - 20 18
26 - 1 50
101 - 39 29
159 - 7 16
38 - 31 43
154 - 152 49
164 - 187 19
46 - 32 20
10 - 104 48
101 - 11 43
126 - 178 6
4 - 24 45
164 - 162 25
3 - 108 24
11 - 8 26
128 - 103 19
40 - 46 7
137 - 120 45
159 - 61 13
121 - 139 20
74 - 68 17
126 - 143 44
88 - 104 16
50 - 42 34
167 - 63 2
88 - 87 20
29 - 3 5
54 - 79 47
100 - 109 41
120 - 38 15
151 - 6 15
117 - 18 9
3 - 152 3
54 - 22 20
109 - 32 29
41 - 112 14
1 - 128 5
6 - 72 12
187 - 100 28
112 - 44 31
86 - 185 5
35 - 30 32
67 - 55 22
147 - 135 28
53 - 152 6
165 - 124 10
51 - 15 47
187 - 162 34
193 - 168 30
143 - 78 3
76 - 151 45
32 - 59 21
181 - 102 48
162 - 13 29
112 - 54 41
28 - 15 30
72 - 59 36
76 - 26 3
3 - 29 39
76 - 179 41
21 - 109 29
52 - 176 11
135 - 55 32
13 - 121 18
140 - 168 7
7 - 1 46
60 - 58 42
177 - 26 23
5 - 156 33
26 - 35 0
69 - 16 7
155 - 4 49
56 - 68 28
174 - 158 43
105 - 106 49
28 - 26 6
35 - 8 20
65 - 21 14
78 - 84 28
125 - 128 36
8 - 30 9
178 - 81 10
35 - 106 50
87 - 78 29
118 - 140 21
182 - 77 4
53 - 153 11
187 - 115 14
6 - 1 21
2 - 112 20
127 - 158 12
135 - 32 24
169 - 134 35
180 - 79 11
38 - 41 40
13 - 86 45
18 - 102 3
124 - 128 10
130 - 176 41
104 - 125 22
62 - 35 37
121 - 137 49
19 - 48 15
20 - 68 37
2 - 20 43
1 - 3 49
16 - 23 11
23 - 73 35
44 - 32 1
53 - 127 13
103 - 102 18
51 - 67 31
20 - 2 24
126 - 101 8
12 - 6 24
125 - 128 14
79 - 130 10
134 - 59 30
2 - 5 23
88 - 165 28
45 - 27 0
41 - 129 6
178 - 180 33
118 - 112 39
176 - 103 19
8 - 16 19
26 - 1 1
148 - 143 28
133 - 148 43
101 - 177 46
97 - 121 9
114 - 59 38
99 - 145 8
97 - 93 34
121 - 47 41
163 - 76 10
129 - 141 5
82 - 51 7
32 - 53 36
24 - 40 32
6 - 69 23
18 - 118 22
163 - 66 41
1 - 31 10
57 - 171 7
168 - 109 12
69 - 143 28
5 - 10 36
2 - 4 47
181 - 152 30
7 - 112 38
127 - 150 49
57 - 69 38
45 - 26 9
57 - 19 28
101 - 102 48
85 - 181 43
125 - 10 24
170 - 119 31
126 - 125 30
51 - 57 27
8 - 7 25
151 - 140 44
178 - 147 50
139 - 82 25
59 - 54 9
13 - 40 0
119 - 113 12
34 - 158 36
134 - 135 35
88 - 26 39
70 - 63 23
19 - 23 45
98 - 50 50
91 - 94 1
64 - 14 30
60 - 171 49
168 - 198 37
168 - 140 39
41 - 20 47
176 - 30 34
100 - 5 42
51 - 60 43
63 - 160 35
143 - 115 6
28 - 10 29
153 - 72 9
114 - 150 19
17 - 14 33
58 - 83 17
41 - 26 23
112 - 156 14
66 - 72 39
176 - 91 6
106 - 181 4
41 - 144 38
35 - 22 18
102 - 133 15
140 - 141 12
110 - 11 17
42 - 92 3
35 - 57 27
188 - 157 37
102 - 145 23
39 - 138 14
79 - 57 50
69 - 63 47
76 - 14 38
102 - 54 26
28 - 38 19
157 - 189 3
118 - 113 44
163 - 178 17
29 - 41 31
153 - 139 37
155 - 167 15
44 - 28 14
127 - 192 21
192 - 178 0
3 - 6 50
12 - 62 50
167 - 114 43
172 - 110 35
158 - 110 25
131 - 41 42
57 - 105 0
126 - 5 11
156 - 45 11
11 - 30 9
118 - 103 44
15 - 28 16
162 - 112 18
175 - 108 9
43 - 32 46
29 - 32 18
36 - 159 44
170 - 150 47
148 - 130 46
110 - 100 41
114 - 105 21
101 - 114 40
106 - 4 49
150 - 69 44
150 - 165 38
138 - 41 33
29 - 5 11
107 - 9 24
27 - 137 13
49 - 85 11
152 - 156 3
188 - 163 16
15 - 97 9
52 - 175 18
29 - 95 10
176 - 100 21
79 - 32 41
12 - 11 9
1 - 29 23
4 - 32 43
129 - 144 44
105 - 118 28
8 - 7 50
23 - 47 26
84 - 148 17
155 - 6 43
22 - 63 20
15 - 3 42
119 - 85 20
175 - 140 27
51 - 27 26
82 - 33 0
167 - 118 27
82 - 100 23
181 - 175 6
30 - 129 19
10 - 60 17
84 - 97 1
52 - 55 40
4 - 10 46
77 - 2 48
68 - 4 43
53 - 51 34
177 - 189 3
14 - 2 16
129 - 144 24
81 - 56 47
57 - 7 43
104 - 131 49
103 - 43 32
150 - 57 30
26 - 100 17
51 - 100 11
3 - 32 20
7 - 22 24
178 - 171 21
112 - 113 35
4 - 57 37
4 - 100 25
115 - 166 4
60 - 10 33
190 - 16 49
94 - 63 39
64 - 66 33
60 - 63 14
3 - 53 10
17 - 1 29
72 - 49 22
32 - 1 5
150 - 51 20
128 - 162 11
189 - 6 29
132 - 159 20
160 - 54 1
177 - 181 0
1 - 31 1
32 - 59 0
7 - 94 50
11 - 33 32
181 - 11 20
68 - 66 43
29 - 35 16
19 - 164 22
154 - 52 6
102 - 10 42
176 - 125 31
13 - 32 7
13 - 4 11
154 - 101 28
1 - 53 42
76 - 103 12
10 - 16 17
79 - 28 15
33 - 52 3
59 - 29 47
83 - 26 22
19 - 69 34
5 - 6 22
13 - 15 25
89 - 114 48
153 - 156 41
25 - 57 33
1 - 140 32
75 - 98 24
21 - 103 47
51 - 134 20
136 - 112 13
110 - 4 5
66 - 58 14
69 - 162 15
7 - 3 19
122 - 98 32
161 - 123 46
192 - 181 1
4 - 55 28
139 - 28 7
17 - 27 12
116 - 154 16
10 - 109 2
96 - 63 27
45 - 39 8
78 - 84 28
28 - 56 14
101 - 8 43
131 - 127 39
108 - 7 8
10 - 37 13
112 - 100 14
68 - 168 34
58 - 83 12
22 - 82 23
127 - 82 7
108 - 106 31
4 - 52 0
10 - 66 14
168 - 107 16
4 - 2 5
121 - 118 4
183 - 108 31
1 - 29 18
112 - 42 35
183 - 32 47
19 - 16 41
66 - 31 32
192 - 28 12
33 - 82 48
103 - 115 2
63 - 54 11
196 - 182 18
143 - 145 7
48 - 89 14
109 - 21 42
112 - 15 23
2 - 36 11
132 - 30 28
111 - 47 37
101 - 116 42
129 - 134 7
195 - 123 5
131 - 165 17
106 - 32 26
44 - 39 16
111 - 160 43
196 - 146 45
171 - 66 20
35 - 32 8
57 - 76 33
44 - 22 31
103 - 121 14
118 - 27 23
15 - 3 3
162 - 196 1
3 - 9 9
103 - 140 21
33 - 193 1
128 - 166 26
30 - 11 17
57 - 162 38
140 - 43 27
36 - 79 19
146 - 10 41
57 - 7 46
40 - 21 32
120 - 59 0
142 - 165 5
182 - 83 3
145 - 195 28
100 - 152 17
134 - 4 24
66 - 187 40
156 - 10 20
24 - 84 50
13 - 4 43
29 - 3 40
134 - 136 37
121 - 120 41
27 - 178 48
4 - 51 26
33 - 126 11
136 - 110 30
19 - 145 45
100 - 165 23
152 - 173 46
47 - 41 33
76 - 1 17
68 - 66 35
31 - 49 14
18 - 71 3
114 - 127 27
89 - 22 7
138 - 88 36
48 - 95 30
10 - 163 15
28 - 21 45
35 - 105 47
78 - 57 30
22 - 26 23
126 - 181 1
155 - 153 15
23 - 169 13
9 - 79 2
196 - 97 3
96 - 37 26
112 - 6 44
59 - 62 7
193 - 170 26
179 - 128 32
54 - 52 3
55 - 54 43
63 - 44 9
1 - 44 48
33 - 23 14
60 - 5 22
162 - 53 31
4 - 66 16
52 - 70 22
26 - 64 5
151 - 51 7
13 - 47 50
16 - 167 9
79 - 155 32
82 - 51 36
39 - 26 2
18 - 16 20
13 - 19 28
47 - 41 38
26 - 1 5
165 - 140 44
118 - 133 18
22 - 14 30
47 - 121 24
157 - 106 43
26 - 34 18
88 - 46 20
127 - 29 31
106 - 118 5
153 - 105 41
13 - 92 33
103 - 53 10
87 - 178 33
79 - 151 41
32 - 85 31
27 - 91 49
13 - 8 7
3 - 78 45
156 - 159 49
134 - 41 39
153 - 108 11
26 - 77 18
66 - 58 48
41 - 93 40
186 - 154 3
29 - 100 41
113 - 165 18
114 - 112 1
139 - 137 17
120 - 112 9
33 - 8 1
44 - 187 32
10 - 159 18
1 - 26 11
80 - 30 7
187 - 170 24
38 - 40 11
3 - 78 24
6 - 41 39
4 - 16 4
43 - 26 4
21 - 58 36
81 - 85 46
109 - 16 30
29 - 32 44
55 - 83 6
27 - 8 29
81 - 76 30
115 - 112 39
71 - 72 23
171 - 136 50
130 - 140 12
12 - 93 46
35 - 109 21
13 - 1 18
194 - 169 5
151 - 10 8
103 - 123 7
6 - 77 48
9 - 32 42
63 - 51 20
4 - 23 21
106 - 75 42
113 - 31 43
151 - 126 48
196 - 54 19
3 - 29 33
7 - 106 19
128 - 158 36
92 - 82 7
151 - 112 18
155 - 102 17
18 - 155 21
131 - 128 50
13 - 4 20
56 - 106 3
165 - 115 42
12 - 161 12
183 - 104 28
163 - 47 27
63 - 14 28
100 - 38 10
112 - 32 37
108 - 1 31
82 - 190 34
51 - 52 18
77 - 78 23
148 - 149 43
137 - 130 12
176 - 154 28
162 - 113 7
10 - 121 10
4 - 54 2
38 - 128 11
58 - 85 41
53 - 150 18
52 - 27 27
103 - 170 44
179 - 148 18
60 - 153 12
160 - 4 22
78 - 4 41
26 - 42 42
52 - 158 3
67 - 48 33
167 - 173 7
21 - 9 16
76 - 94 8
198 - 183 37
159 - 72 30
94 - 61 34
76 - 10 24
112 - 15 41
128 - 11 4
85 - 109 26
5 - 8 39
159 - 84 24
82 - 132 11
30 - 45 42
61 - 83 13
29 - 27 50
36 - 113 3
140 - 189 7
119 - 146 45
2 - 52 33
10 - 6 14
137 - 114 34
37 - 12 29
121 - 42 38
69 - 71 34
5 - 83 5
82 - 83 2
153 - 154 40
35 - 110 33
85 - 83 24
87 - 94 13
136 - 183 29
69 - 57 1
126 - 91 38
15 - 6 49
68 - 164 7
69 - 67 15
43 - 128 24
127 - 81 25
6 - 1 37
11 - 4 23
175 - 112 1
85 - 61 42
97 - 91 32
34 - 139 25
111 - 108 7
11 - 61 44
98 - 70 24
4 - 1 28
103 - 4 5
77 - 71 15
51 - 67 12
180 - 128 11
59 - 158 4
197 - 166 6
102 - 151 8
107 - 160 29
21 - 121 40
47 - 146 46
100 - 82 15
106 - 90 41
42 - 4 33
103 - 133 10
106 - 115 28
71 - 2 44
156 - 176 44
63 - 23 27
79 - 30 18
36 - 82 2
65 - 59 11
47 - 39 34
134 - 109 48
26 - 40 50
93 - 65 50
105 - 6 25
109 - 168 8
134 - 109 8
151 - 51 30
27 - 109 15
152 - 167 28
64 - 15 42
19 - 20 35
1 - 51 45
9 - 106 31
39 - 14 12
112 - 115 27
78 - 28 30
108 - 1 6
1 - 4 27
4 - 76 33
35 - 32 16
101 - 126 20
76 - 181 19
41 - 76 2
159 - 179 16
21 - 58 4
21 - 71 41
120 - 173 26
128 - 131 40
121 - 103 13
28 - 54 40
35 - 30 39
112 - 106 20
134 - 194 36
64 - 66 33
37 - 87 2
59 - 161 24
11 - 128 25
139 - 127 36
100 - 44 23
168 - 88 0
169 - 69 31
55 - 58 38
3 - 53 27
6 - 37 29
105 - 102 48
82 - 175 23
138 - 2 27
109 - 53 6
111 - 133 24
63 - 89 26
69 - 115 50
100 - 115 50
66 - 13 34
13 - 19 45
13 - 70 27
39 - 128 33
33 - 125 50
4 - 155 23
7 - 85 26
152 - 175 33
100 - 5 41
112 - 4 32
58 - 7 36
182 - 82 21
7 - 100 37
156 - 115 6
34 - 43 2
79 - 110 40
112 - 109 37
58 - 168 21
127 - 37 42
3 - 6 48
82 - 44 42
91 - 27 34
81 - 53 49
162 - 114 26
179 - 34 7
85 - 37 45
13 - 1 46
85 - 79 26
1 - 5 33
31 - 15 40
100 - 89 6
38 - 88 11
63 - 14 33
191 - 163 20
67 - 115 40
115 - 106 48
10 - 144 29
139 - 113 38
19 - 41 2
165 - 18 30
13 - 47 0
134 - 127 7
8 - 27 46
46 - 144 41
140 - 171 10
128 - 4 7
7 - 19 35
38 - 41 5
64 - 63 3
29 - 79 47
54 - 56 42
38 - 148 33
135 - 157 34
59 - 76 20
128 - 30 35
128 - 55 13
110 - 112 39
103 - 75 29
104 - 162 40
90 - 82 49
44 - 19 38
54 - 97 29
44 - 28 28
162 - 10 50
179 - 135 8
109 - 102 18
154 - 5 42
101 - 29 19
106 - 7 8
170 - 118 2
67 - 16 29
87 - 96 9
187 - 152 42
4 - 153 9
164 - 118 16
140 - 39 8
23 - 2 20
51 - 152 7
190 - 113 27
97 - 171 44
27 - 128 30
2 - 129 31
53 - 57 48
59 - 56 46
68 - 56 36
10 - 52 3
101 - 187 7
171 - 66 41
32 - 30 25
49 - 38 11
137 - 88 28
155 - 67 6
150 - 4 49
13 - 85 12
3 - 16 22
113 - 137 3
8 - 20 33
11 - 86 3
129 - 184 27
68 - 155 19
128 - 31 23
19 - 54 33
90 - 32 12
103 - 110 6
169 - 64 13
46 - 99 28
158 - 169 15
21 - 43 39
36 - 182 18
44 - 7 17
64 - 63 42
56 - 79 14
137 - 41 1
91 - 74 27
64 - 63 38
32 - 143 14
2 - 17 3
162 - 16 19
57 - 41 2
88 - 31 46
13 - 46 37
125 - 38 26
11 - 86 24
11 - 140 15
44 - 4 45
19 - 37 12
57 - 159 49
60 - 108 9
44 - 19 36
178 - 26 3
146 - 162 45
10 - 108 32
76 - 58 19
95 - 77 17
76 - 51 8
146 - 16 30
66 - 14 6
16 - 54 2
172 - 92 38
164 - 57 38
188 - 60 46
140 - 180 33
178 - 100 16
88 - 76 21
118 - 168 17
48 - 196 15
190 - 53 32
77 - 85 37
4 - 16 4
4 - 5 48
7 - 21 17
62 - 19 28
33 - 63 49
38 - 91 47
52 - 27 3
57 - 76 35
115 - 10 23
50 - 71 36
121 - 41 10
32 - 2 31
82 - 175 27
129 - 103 41
10 - 35 34
109 - 100 24
7 - 36 37
178 - 91 27
106 - 100 33
2 - 36 41
106 - 10 15
38 - 5 44
181 - 32 17
54 - 174 27
117 - 140 26
45 - 2 45
101 - 155 5
177 - 159 6
150 - 156 32
9 - 134 34
55 - 128 41
27 - 128 50
46 - 103 10
140 - 90 31
4 - 1 15
1 - 51 17
8 - 10 39
48 - 83 46
26 - 13 32
29 - 27 5
1 - 125 49
103 - 2 10
4 - 1 40
39 - 6 11
118 - 7 44
88 - 79 13
34 - 84 34
121 - 119 35
148 - 41 34
105 - 30 32
156 - 62 11
97 - 195 38
17 - 135 7
110 - 176 43
91 - 196 48
47 - 112 29
92 - 54 48
48 - 27 26
156 - 53 18
31 - 87 4
115 - 109 18
32 - 4 37
146 - 109 38
1 - 111 7
47 - 34 49
82 - 194 49
137 - 102 50
41 - 72 8
9 - 1 26
151 - 56 26
47 - 95 2
100 - 159 24
8 - 12 44
178 - 42 47
69 - 125 13
2 - 32 2
20 - 19 11
112 - 16 44
188 - 94 5
113 - 126 21
128 - 79 45
10 - 103 21
152 - 177 39
60 - 105 3
30 - 10 26
153 - 178 7
125 - 112 4
28 - 26 14
77 - 134 27
33 - 83 23
104 - 91 25
92 - 36 24
146 - 40 21
88 - 49 41
153 - 4 11
10 - 123 12
130 - 4 19
13 - 10 31
46 - 3 19
112 - 65 42
24 - 22 34
27 - 107 49
56 - 155 3
16 - 18 35
157 - 82 17
159 - 157 34
14 - 41 15
142 - 186 44
165 - 63 0
131 - 181 21
107 - 162 24
165 - 184 45
121 - 32 18
10 - 73 21
40 - 15 46
163 - 175 50
69 - 115 42
160 - 10 22
44 - 19 41
4 - 1 7
58 - 187 7
79 - 60 24
4 - 7 15
154 - 168 32
88 - 32 9
130 - 27 47
100 - 26 38
10 - 16 20
32 - 8 18
16 - 31 13
100 - 8 21
1 - 51 45
195 - 186 39
97 - 92 47
85 - 79 10
140 - 114 28
1 - 102 40
13 - 138 44
58 - 2 23
14 - 1 28
21 - 10 13
103 - 14 4
157 - 100 36
59 - 106 37
170 - 156 27
102 - 106 19
141 - 41 19
10 - 35 20
31 - 137 4
84 - 89 41
88 - 69 30
154 - 39 42
40 - 34 16
106 - 94 21
19 - 13 29
109 - 10 9
1 - 125 15
146 - 118 1
29 - 89 19
121 - 32 48
195 - 164 46
144 - 49 10
147 - 11 16
69 - 74 25
180 - 1 17
154 - 150 35
150 - 153 38
18 - 33 34
156 - 10 44
153 - 52 9
103 - 153 29
39 - 64 38
32 - 29 49
159 - 57 49
35 - 37 11
69 - 91 24
162 - 109 29
62 - 120 49
7 - 144 50
185 - 184 4
178 - 132 33
38 - 36 28
4 - 23 42
116 - 16 33
28 - 60 10
31 - 26 41
10 - 52 28
64 - 150 7
29 - 129 37
38 - 7 50
32 - 69 38
171 - 163 16
76 - 185 23
14 - 20 45
19 - 11 41
182 - 190 38
125 - 129 26
16 - 4 34
62 - 74 46
63 - 181 13
126 - 13 9
77 - 1 0
9 - 3 44
41 - 3 41
191 - 116 29
130 - 159 43
44 - 140 20
22 - 107 26
7 - 19 33
115 - 127 25
5 - 2 0
34 - 50 47
35 - 33 21
43 - 29 47
111 - 108 7
16 - 32 23
79 - 80 20
150 - 54 16
169 - 64 46
100 - 1 18
131 - 77 39
4 - 54 0
9 - 67 46
111 - 187 12
168 - 129 12
168 - 125 5
15 - 41 33
185 - 36 7
52 - 175 29
26 - 85 44
16 - 150 36
18 - 13 46
168 - 26 17
94 - 69 37
57 - 106 41
57 - 156 16
90 - 89 36
4 - 1 33
46 - 121 0
112 - 88 18
143 - 100 21
175 - 79 41
45 - 157 16
14 - 8 28
153 - 143 8
11 - 7 41
178 - 183 21
160 - 7 29
101 - 106 17
37 - 44 46
76 - 82 42
12 - 198 15
54 - 18 43
17 - 118 26
24 - 49 24
13 - 16 49
114 - 100 8
113 - 66 28
16 - 61 24
170 - 31 39
178 - 2 36
81 - 55 20
94 - 69 15
44 - 39 39
178 - 8 26
91 - 151 24
95 - 8 1
121 - 138 30
79 - 82 35
51 - 63 34
13 - 138 21
118 - 1 44
79 - 55 9
181 - 177 23
35 - 38 0
32 - 118 36
58 - 19 9
129 - 136 10
84 - 152 38
26 - 130 30
6 - 7 15
6 - 60 8
103 - 2 50
38 - 132 25
13 - 15 27
107 - 153 6
127 - 128 49
1 - 32 10
181 - 162 27
51 - 88 7
51 - 65 2
2 - 153 14
7 - 182 17
3 - 100 15
9 - 22 23
61 - 27 48
131 - 60 25
163 - 162 48
90 - 1 47
19 - 38 48
21 - 19 1
88 - 51 26
152 - 192 7
29 - 141 12
39 - 35 25
79 - 29 26
1 - 2 25
82 - 68 9
23 - 2 32
39 - 21 43
187 - 118 33
2 - 8 4
3 - 134 0
5 - 156 13
4 - 12 0
190 - 4 44
11 - 116 19
22 - 23 11
52 - 166 7
178 - 82 36
153 - 111 21
174 - 62 49
85 - 69 6
4 - 184 14
79 - 179 14
2 - 58 41
20 - 70 38
104 - 80 9
28 - 3 9
1 - 109 14
190 - 66 20
100 - 174 3
30 - 36 28
129 - 11 19
15 - 105 30
112 - 134 34
68 - 127 13
141 - 134 34
150 - 111 40
18 - 41 20
44 - 146 2
64 - 65 13
19 - 18 0
41 - 29 28
127 - 14 1
25 - 124 41
51 - 7 33
108 - 138 17
10 - 8 29
162 - 109 9
44 - 39 23
10 - 108 14
75 - 59 48
113 - 8 0
67 - 18 38
88 - 181 25
125 - 94 17
51 - 82 43
13 - 115 14
64 - 165 25
18 - 51 16
131 - 107 22
51 - 38 30
105 - 140 38
181 - 166 33
41 - 78 18
133 - 85 12
24 - 21 18
66 - 17 29
35 - 31 6
122 - 171 38
113 - 125 6
140 - 8 7
3 - 7 1
118 - 121 2
28 - 46 14
184 - 196 23
163 - 101 4
181 - 103 50
128 - 35 12
80 - 190 32
29 - 31 11
189 - 117 28
5 - 67 45
38 - 181 18
114 - 127 40
138 - 126 45
30 - 38 18
17 - 73 46
78 - 54 49
63 - 60 6
118 - 143 47
72 - 144 20
7 - 106 8
10 - 47 46
26 - 112 4
1 - 51 48
79 - 66 31
29 - 78 12
47 - 76 19
134 - 29 7
159 - 94 1
143 - 117 12
9 - 106 39
40 - 113 17
19 - 18 23
155 - 158 6
8 - 2 18
12 - 6 18
53 - 177 15
57 - 20 1
137 - 63 39
20 - 2 3
79 - 28 20
6 - 1 20
137 - 66 22
183 - 2 28
7 - 100 24
120 - 112 16
180 - 186 37
192 - 158 49
73 - 102 8
189 - 165 33
4 - 15 37
43 - 32 2
153 - 52 9
18 - 13 10
177 - 131 9
13 - 48 14
91 - 41 36
153 - 130 47
194 - 44 6
1 - 7 0
127 - 128 11
32 - 96 50
128 - 137 3
55 - 154 36
51 - 63 23
131 - 106 39
1 - 41 0
119 - 22 27
35 - 193 12
48 - 36 26
142 - 181 41
184 - 179 21
5 - 116 22
7 - 32 27
53 - 150 24
41 - 57 18
38 - 119 34
102 - 139 21
53 - 3 6
154 - 58 16
1 - 29 38
121 - 140 38
96 - 76 40
25 - 22 34
9 - 35 32
24 - 75 16
41 - 77 9
18 - 16 6
29 - 38 30
51 - 58 4
62 - 54 45
130 - 93 20
163 - 73 4
184 - 84 39
107 - 83 44
57 - 69 22
32 - 82 47
161 - 68 37
64 - 115 31
84 - 32 40
69 - 70 37
190 - 88 4
73 - 45 19
145 - 170 38
168 - 60 37
19 - 11 48
16 - 76 21
168 - 100 33
170 - 121 26
29 - 39 9
105 - 129 16
15 - 114 46
156 - 112 34
167 - 165 48
103 - 13 11
102 - 101 43
105 - 173 19
92 - 13 7
43 - 189 26
86 - 82 15
106 - 101 43
128 - 38 28
125 - 126 11
122 - 10 37
79 - 76 41
60 - 78 7
5 - 30 7
103 - 158 44
79 - 54 12
131 - 10 29
55 - 31 10
121 - 19 39
33 - 1 45
167 - 112 44
9 - 74 10
7 - 62 26
4 - 54 30
113 - 191 20
113 - 121 29
33 - 72 19
16 - 38 1
128 - 6 26
176 - 162 38
79 - 85 10
97 - 16 3
4 - 111 44
18 - 66 17
109 - 103 35
44 - 19 30
51 - 52 41
150 - 100 49
77 - 27 5
154 - 153 31
198 - 190 14
51 - 112 41
72 - 87 23
45 - 11 28
103 - 178 38
126 - 76 17
157 - 185 34
102 - 139 45
88 - 82 10
7 - 38 16
33 - 126 39
86 - 147 35
2 - 103 21
162 - 151 5
10 - 60 34
29 - 38 42
32 - 33 49
157 - 106 21
88 - 9 35
1 - 64 41
80 - 82 13
195 - 148 27
16 - 19 39
43 - 92 23
44 - 122 8
100 - 103 21
58 - 13 35
44 - 144 8
44 - 11 1
111 - 106 29
161 - 102 9
74 - 47 33
54 - 25 29
8 - 20 35
16 - 64 37
57 - 56 41
113 - 137 44
54 - 152 32
153 - 151 6
102 - 137 4
31 - 29 15
168 - 2 4
33 - 188 22
153 - 66 18
177 - 3 27
10 - 146 10
77 - 52 10
95 - 103 38
29 - 28 44
187 - 80 0
47 - 121 37
153 - 100 3
79 - 47 2
69 - 99 36
165 - 13 37
15 - 32 18
62 - 1 44
15 - 69 19
60 - 71 15
5 - 131 22
14 - 17 37
76 - 178 3
16 - 13 46
87 - 85 21
80 - 151 43
179 - 55 12
37 - 49 26
29 - 31 10
120 - 145 48
27 - 57 29
138 - 193 12
108 - 15 42
38 - 180 29
13 - 116 24
146 - 142 14
23 - 50 32
121 - 22 37
115 - 76 34
159 - 8 18
28 - 114 8
55 - 67 28
69 - 152 49
87 - 180 45
81 - 76 17
20 - 67 24
115 - 165 20
17 - 22 36
100 - 51 20
183 - 7 27
165 - 176 33
63 - 58 17
36 - 147 19
115 - 116 5
35 - 10 35
29 - 141 34
3 - 112 13
65 - 53 2
90 - 76 11
2 - 77 5
63 - 82 50
171 - 156 2
130 - 31 39
90 - 87 0
40 - 26 41
53 - 52 4
2 - 140 7
150 - 157 21
85 - 87 33
181 - 131 23
29 - 31 30
54 - 165 34
127 - 104 8
19 - 31 28
82 - 76 29
112 - 6 42
32 - 44 21
52 - 53 17
175 - 163 15
21 - 19 32
27 - 82 25
71 - 13 6
151 - 3 35
65 - 55 41
183 - 102 46
187 - 158 42
1 - 103 7
173 - 162 35
1 - 83 8
109 - 148 48
26 - 134 9
131 - 181 5
97 - 149 12
159 - 9 11
64 - 165 11
110 - 119 23
160 - 111 37
53 - 168 3
168 - 191 45
7 - 109 31
79 - 89 33
95 - 27 8
4 - 65 48
52 - 66 32
18 - 134 30
82 - 34 22
156 - 150 26
127 - 108 30
190 - 82 19
95 - 97 45
61 - 25 11
81 - 34 32
127 - 76 34
167 - 111 10
7 - 111 11
137 - 165 16
55 - 168 26
47 - 20 19
87 - 100 21
141 - 140 26
23 - 116 50
102 - 38 45
8 - 45 16
27 - 20 47
3 - 15 13
77 - 54 37
178 - 133 13
115 - 128 13
79 - 29 39
26 - 43 7
177 - 154 40
1 - 193 12
187 - 175 3
79 - 105 44
181 - 128 3
63 - 139 50
151 - 100 23
115 - 140 44
22 - 85 49
19 - 13 24
56 - 53 11
73 - 26 50
101 - 116 50
180 - 44 24
115 - 100 5
140 - 15 19
58 - 7 27
48 - 33 35
71 - 193 32
100 - 131 43
6 - 152 14
118 - 137 44
3 - 40 45
63 - 55 27
104 - 184 30
51 - 53 30
32 - 166 37
179 - 103 20
63 - 123 33
154 - 71 41
78 - 177 1
33 - 86 41
79 - 93 18
62 - 60 3
29 - 43 20
32 - 106 49
8 - 108 39
103 - 126 30
21 - 12 11
190 - 1 32
61 - 162 38
119 - 4 29
63 - 36 50
150 - 57 38
171 - 169 0
59 - 62 16
91 - 153 16
31 - 141 12
137 - 165 21
2 - 51 9
65 - 24 45
10 - 56 14
33 - 19 8
113 - 2 21
165 - 3 10
19 - 8 23
69 - 57 13
85 - 162 48
82 - 181 48
185 - 194 47
195 - 137 23
100 - 115 23
83 - 85 28
13 - 157 41
61 - 157 47
17 - 20 46
7 - 3 46
82 - 131 35
49 - 196 42
9 - 3 16
33 - 131 2
13 - 103 15
108 - 123 23
172 - 63 10
127 - 176 32
4 - 18 8
138 - 44 26
120 - 125 31
82 - 81 29
166 - 125 39
189 - 190 14
109 - 197 44
4 - 15 16
161 - 150 16
4 - 37 12
56 - 54 30
132 - 106 0
164 - 166 49
60 - 84 26
57 - 69 5
76 - 138 27
55 - 23 4
104 - 109 41
117 - 167 37
179 - 80 5
185 - 103 1
7 - 11 3
112 - 137 30
91 - 156 38
105 - 4 10
69 - 118 11
149 - 114 6
52 - 76 23
109 - 120 44
101 - 100 27
52 - 9 42
180 - 175 38
186 - 183 45
1 - 2 2
23 - 11 40
39 - 26 8
106 - 143 3
11 - 2 6
80 - 106 50
159 - 123 13
103 - 106 30
43 - 90 7
117 - 113 30
109 - 32 4
156 - 159 40
150 - 162 12
6 - 106 42
190 - 146 37
10 - 11 24
14 - 150 41
75 - 55 37
56 - 81 33
1 - 76 39
49 - 24 42
64 - 54 28
104 - 80 10
153 - 151 7
83 - 125 14
59 - 53 38
78 - 79 22
51 - 69 2
2 - 1 46
84 - 54 48
107 - 106 44
117 - 130 10
59 - 160 8
198 - 195 24
10 - 1 16
175 - 125 11
171 - 153 17
127 - 77 30
4 - 6 16
10 - 97 14
120 - 71 21
148 - 26 14
140 - 198 46
112 - 125 4
13 - 100 50
92 - 30 38
158 - 171 3
57 - 96 2
40 - 88 0
179 - 132 21
16 - 18 43
67 - 54 32
82 - 57 48
84 - 28 13
135 - 35 15
159 - 167 45
60 - 77 26
134 - 32 6
155 - 101 22
8 - 52 20
72 - 89 22
146 - 136 12
106 - 2 10
3 - 102 11
11 - 10 4
154 - 156 43
91 - 178 32
29 - 101 21
165 - 65 25
56 - 44 14
31 - 10 27
60 - 66 48
190 - 117 33
125 - 32 37
98 - 130 49
74 - 72 6
141 - 134 12
148 - 123 33
56 - 117 33
10 - 103 43
12 - 8 42
66 - 24 21
103 - 152 12
38 - 8 33
142 - 105 6
94 - 159 10
103 - 60 46
27 - 163 24
40 - 152 39
35 - 30 38
65 - 60 25
51 - 150 12
10 - 159 23
81 - 32 23
26 - 88 33
65 - 88 47
113 - 114 23
134 - 107 45
103 - 54 18
146 - 119 26
52 - 128 43
143 - 144 10
5 - 64 32
45 - 99 50
163 - 14 35
65 - 90 40
55 - 80 17
66 - 63 23
146 - 5 17
29 - 146 48
193 - 142 7
71 - 60 0
103 - 179 7
135 - 144 18
73 - 57 2
10 - 82 41
129 - 130 46
44 - 20 23
101 - 118 31
122 - 118 19
162 - 157 30
41 - 125 16
73 - 66 3
10 - 7 34
181 - 88 17
179 - 176 35
76 - 26 38
40 - 141 34
133 - 183 40
85 - 133 18
19 - 9 11
85 - 88 32
64 - 100 25
58 - 20 40
44 - 190 12
114 - 128 8
68 - 53 12
16 - 52 9
14 - 86 23
3 - 105 1
27 - 119 48
159 - 111 41
102 - 31 25
130 - 57 2
134 - 195 50
162 - 41 47
100 - 52 19
19 - 20 23
57 - 52 27
17 - 2 47
21 - 131 35
64 - 77 50
34 - 82 11
69 - 14 45
64 - 63 40
108 - 177 48
166 - 4 0
150 - 52 32
2 - 89 18
77 - 52 8
14 - 58 3
46 - 10 3
87 - 62 17
181 - 191 31
193 - 80 1
108 - 130 29
19 - 61 50
10 - 42 43
184 - 57 24
143 - 44 44
181 - 102 30
97 - 92 39
127 - 31 36
137 - 77 27
72 - 190 4
1 - 121 18
105 - 15 27
100 - 47 23
115 - 17 18
66 - 187 28
44 - 109 8
91 - 155 43
86 - 46 17
29 - 101 44
30 - 29 19
38 - 137 10
13 - 63 32
9 - 128 30
102 - 167 50
95 - 100 18
53 - 4 17
186 - 161 10
173 - 99 22
143 - 71 35
9 - 118 26
76 - 9 20
97 - 196 43
125 - 67 34
78 - 158 35
166 - 116 34
4 - 1 40
191 - 88 10
39 - 26 1
42 - 39 0
120 - 118 41
101 - 103 44
1 - 26 38
188 - 16 3
146 - 141 27
68 - 173 24
76 - 91 42
8 - 4 25
52 - 80 3
175 - 184 28
2 - 101 42
143 - 44 11
16 - 69 31
69 - 156 9
83 - 27 32
108 - 10 6
184 - 17 27
42 - 116 18
56 - 51 14
138 - 137 2
36 - 11 18
29 - 57 49
26 - 37 0
152 - 100 46
26 - 106 40
156 - 65 39
9 - 66 24
153 - 151 32
101 - 10 34
38 - 67 32
196 - 88 3
8 - 2 46
28 - 41 33
34 - 10 21
130 - 40 25
35 - 19 31
107 - 35 7
109 - 106 30
69 - 41 30
45 - 8 36
169 - 121 7
186 - 39 15
35 - 81 28
190 - 171 48
57 - 187 17
22 - 115 48
8 - 2 13
168 - 22 14
162 - 46 46
10 - 109 32
15 - 138 13
53 - 109 18
24 - 34 41
36 - 42 21
94 - 84 36
88 - 34 48
52 - 4 44
181 - 79 16
21 - 20 16
38 - 130 9
156 - 178 29
29 - 180 9
1 - 128 10
150 - 1 42
43 - 137 11
50 - 129 47
15 - 107 0
37 - 81 27
1 - 100 0
26 - 137 8
109 - 122 13
84 - 142 1
85 - 23 15
131 - 133 31
169 - 118 44
100 - 102 11
2 - 3 41
151 - 64 13
126 - 4 30
186 - 193 17
107 - 100 46
26 - 51 32
55 - 54 19
51 - 13 36
54 - 153 0
115 - 16 18
66 - 54 35
173 - 120 34
115 - 101 47
165 - 21 28
142 - 18 15
54 - 8 2
109 - 13 35
1 - 51 20
69 - 57 48
97 - 185 41
40 - 64 37
81 - 56 6
109 - 128 5
85 - 97 48
1 - 6 28
19 - 122 30
78 - 40 38
2 - 115 15
1 - 56 16
49 - 118 6
26 - 7 1
96 - 21 13
78 - 52 31
122 - 182 22
105 - 6 21
56 - 155 40
118 - 13 43
46 - 26 29
16 - 7 26
43 - 123 43
100 - 179 42
41 - 21 4
57 - 106 21
51 - 16 6
21 - 10 46
101 - 178 39
181 - 103 7
115 - 119 27
34 - 37 30
106 - 128 34
52 - 115 29
53 - 125 22
56 - 54 6
4 - 13 13
26 - 3 42
117 - 94 17
100 - 44 10
76 - 4 13
180 - 111 49
165 - 152 22
177 - 40 13
21 - 3 33
54 - 53 47
16 - 170 32
32 - 46 7
88 - 2 45
1 - 2 25
48 - 22 37
107 - 60 37
128 - 106 31
121 - 22 19
58 - 2 31
33 - 83 14
16 - 54 44
24 - 196 43
38 - 43 45
60 - 54 14
56 - 74 6
19 - 103 41
12 - 35 4
100 - 108 12
64 - 119 6
4 - 2 0
53 - 79 16
32 - 42 35
102 - 19 4
184 - 96 44
3 - 28 14
35 - 8 31
9 - 102 20
120 - 69 50
52 - 101 29
29 - 5 14
91 - 89 28
192 - 49 42
22 - 21 10
28 - 138 5
3 - 108 33
17 - 19 47
76 - 156 18
153 - 26 7
68 - 152 6
51 - 7 45
168 - 87 38
51 - 86 30
121 - 164 21
1 - 84 17
192 - 127 21
113 - 116 37
63 - 66 7
29 - 100 50
14 - 106 35
62 - 114 44
142 - 123 5
163 - 97 37
29 - 182 40
175 - 81 13
51 - 71 17
91 - 51 7
57 - 54 24
30 - 131 15
131 - 106 45
88 - 30 33
78 - 94 15
9 - 40 44
7 - 20 5
134 - 110 25
118 - 151 36
57 - 10 14
161 - 108 18
28 - 1 9
4 - 51 2
13 - 106 43
47 - 111 20
139 - 115 47
121 - 159 8
100 - 156 40
106 - 20 8
66 - 90 17
7 - 14 2
159 - 168 30
166 - 146 19
77 - 92 23
29 - 175 45
106 - 32 44
5 - 121 0
143 - 106 12
118 - 104 25
47 - 12 47
78 - 51 37
38 - 35 13
132 - 4 23
26 - 27 33
131 - 112 14
113 - 141 40
130 - 137 48
50 - 199 11
8 - 112 29
54 - 156 31
26 - 41 41
194 - 82 36
182 - 159 9
133 - 143 1
135 - 35 20
17 - 4 32
27 - 2 10
16 - 73 42
32 - 35 1
29 - 32 42
115 - 10 5
16 - 17 39
13 - 180 16
17 - 116 20
78 - 28 43
22 - 7 19
32 - 5 50
81 - 153 28
128 - 27 3
126 - 109 25
54 - 176 49
22 - 10 12
12 - 35 48
113 - 130 43
13 - 38 26
10 - 9 28
65 - 68 17
13 - 101 39
13 - 8 22
123 - 103 22
114 - 196 18
19 - 106 19
16 - 172 46
52 - 2 10
153 - 57 30
109 - 110 29
176 - 188 28
8 - 39 11
51 - 100 23
107 - 119 24
10 - 106 16
16 - 77 28
102 - 162 33
29 - 30 43
108 - 3 13
12 - 105 40
152 - 69 41
165 - 52 23
89 - 27 27
120 - 21 38
31 - 24 40
102 - 156 9
134 - 36 43
53 - 60 34
188 - 41 23
124 - 136 38
24 - 6 36
145 - 48 41
88 - 66 50
6 - 16 3
156 - 57 0
193 - 72 50
21 - 19 1
51 - 54 0
16 - 32 43
82 - 156 31
1 - 3 0
1 - 26 13
137 - 39 10
13 - 36 13
19 - 112 39
4 - 102 8
16 - 147 31
16 - 54 7
18 - 38 47
167 - 54 33
69 - 114 46
156 - 58 17
22 - 149 22
9 - 38 42
143 - 154 38
42 - 17 23
95 - 128 24
44 - 169 44
103 - 16 7
32 - 4 40
4 - 103 36
2 - 51 45
189 - 137 24
162 - 170 48
13 - 14 12
48 - 147 38
7 - 101 2
42 - 86 45
51 - 1 37
113 - 101 29
7 - 10 45
122 - 156 50
102 - 7 11
54 - 100 39
96 - 198 5
38 - 19 23
171 - 168 26
54 - 177 24
2 - 5 21
88 - 64 39
101 - 9 28
2 - 119 2
151 - 169 21
125 - 79 19
41 - 82 27
9 - 133 11
122 - 111 37
181 - 158 15
15 - 14 23
55 - 11 22
7 - 8 44
193 - 189 32
100 - 91 30
167 - 49 43
175 - 162 6
19 - 16 8
5 - 26 46
54 - 158 47
44 - 93 3
52 - 71 14
115 - 151 17
138 - 147 25
11 - 57 47
7 - 56 8
3 - 13 23
72 - 157 19
26 - 103 43
14 - 27 0
86 - 94 35
103 - 20 37
126 - 89 22
54 - 57 29
177 - 178 26
4 - 156 20
85 - 112 22
162 - 69 42
17 - 143 26
37 - 153 15
100 - 5 1
119 - 70 45
168 - 154 47
112 - 100 4
16 - 22 26
21 - 69 24
39 - 2 30
72 - 68 50
44 - 134 31
102 - 3 36
2 - 116 27
16 - 42 33
81 - 135 14
103 - 102 1
53 - 15 50
1 - 115 39
44 - 38 3
163 - 115 14
86 - 129 47
51 - 164 14
145 - 158 43
96 - 63 15
153 - 184 43
11 - 61 2
109 - 156 13
76 - 27 8
143 - 134 17
21 - 164 34
101 - 116 16
38 - 178 34
48 - 35 9
15 - 66 44
63 - 9 40
100 - 1 17
20 - 103 27
88 - 155 48
181 - 98 46
57 - 28 9
145 - 74 8
100 - 150 48
58 - 18 17
109 - 35 39
29 - 84 39
100 - 98 29
142 - 43 7
38 - 32 18
44 - 46 2
139 - 119 45
4 - 13 19
10 - 34 44
195 - 140 0
131 - 143 6
19 - 20 33
125 - 41 38
33 - 82 46
88 - 1 19
41 - 162 10
163 - 151 32
130 - 86 48
58 - 96 9
7 - 34 46
178 - 82 17
151 - 163 24
46 - 195 11
79 - 178 37
150 - 156 9
175 - 76 33
159 - 107 10
154 - 116 46
156 - 176 11
121 - 112 2
111 - 158 4
172 - 122 21
83 - 180 36
4 - 29 5
102 - 12 7
122 - 60 42
12 - 87 9
140 - 39 46
91 - 22 35
73 - 36 33
75 - 67 32
116 - 104 39
112 - 38 7
54 - 28 41
128 - 126 49
4 - 51 39
84 - 35 35
96 - 121 15
128 - 109 34
131 - 126 27
4 - 6 13
127 - 90 37
50 - 76 25
112 - 114 28
162 - 16 42
56 - 18 37
144 - 145 25
1 - 107 12
42 - 45 17
153 - 172 29
32 - 125 36
85 - 34 38
142 - 140 0
39 - 196 40
26 - 76 12
19 - 22 40
125 - 137 42
114 - 52 27
102 - 128 3
13 - 79 43
38 - 112 48
10 - 109 21
11 - 7 30
4 - 154 26
111 - 114 2
5 - 4 40
72 - 65 8
46 - 54 27
101 - 13 14
2 - 27 44
54 - 42 0
35 - 30 1
52 - 54 3
63 - 68 40
193 - 187 33
60 - 13 23
118 - 112 33
25 - 14 5
62 - 52 50
47 - 97 38
22 - 21 26
4 - 146 32
9 - 15 7
137 - 150 9
151 - 182 13
6 - 31 20
183 - 186 49
35 - 138 4
115 - 16 39
102 - 3 39
57 - 5 40
1 - 27 34
139 - 128 31
5 - 6 1
31 - 36 12
44 - 187 29
16 - 41 1
128 - 126 46
128 - 38 35
26 - 94 37
39 - 113 8
27 - 10 49
71 - 21 26
11 - 23 16
63 - 72 16
16 - 64 48
17 - 131 2
151 - 7 45
159 - 189 36
81 - 87 20
134 - 31 33
84 - 94 33
59 - 58 17
99 - 55 42
108 - 106 36
90 - 67 46
9 - 155 31
106 - 158 9
41 - 90 13
176 - 131 11
6 - 108 37
6 - 53 2
3 - 32 38
103 - 155 44
49 - 22 18
149 - 115 20
88 - 38 37
10 - 8 23
22 - 51 10
94 - 31 7
140 - 78 9
174 - 149 34
115 - 120 5
104 - 101 28
29 - 14 34
159 - 146 15
7 - 108 19
5 - 16 50
29 - 110 25
101 - 95 22
27 - 131 47
35 - 26 36
139 - 94 27
50 - 135 18
181 - 129 20
80 - 137 0
16 - 103 24
13 - 3 36
47 - 4 31
56 - 7 21
8 - 58 9
59 - 168 37
8 - 168 40
156 - 179 27
18 - 7 31
197 - 178 43
85 - 188 36
78 - 44 10
187 - 28 13
175 - 51 50
103 - 136 30
7 - 156 31
16 - 180 39
162 - 39 9
13 - 112 20
88 - 108 34
14 - 20 2
52 - 29 50
38 - 2 34
81 - 13 26
51 - 54 11
115 - 169 26
127 - 108 36
140 - 97 20
27 - 31 39
38 - 187 13
26 - 1 4
19 - 16 39
192 - 117 20
176 - 162 9
57 - 156 10
112 - 161 38
54 - 4 33
60 - 72 12
150 - 153 5
33 - 5 7
2 - 32 37
162 - 108 43
2 - 38 27
4 - 104 21
101 - 1 12
64 - 126 14
153 - 180 3
80 - 44 16
1 - 106 1
9 - 12 12
1 - 27 34
29 - 35 14
76 - 7 41
1 - 4 27
60 - 13 39
156 - 32 20
126 - 179 29
7 - 43 46
8 - 17 24
9 - 3 17
16 - 1 33
168 - 53 41
21 - 4 35
99 - 181 38
13 - 19 18
88 - 124 31
63 - 20 13
26 - 128 34
68 - 59 7
42 - 4 28
63 - 15 19
88 - 93 15
88 - 155 50
119 - 13 15
162 - 115 19
171 - 173 8
67 - 54 32
117 - 40 14
175 - 151 23
131 - 181 2
41 - 3 10
80 - 29 0
101 - 4 36
126 - 176 25
58 - 52 39
71 - 16 17
1 - 32 50
10 - 126 19
79 - 115 35
130 - 140 33
153 - 118 31
28 - 29 33
60 - 78 26
118 - 133 19
106 - 182 32
126 - 151 21
171 - 119 25
76 - 63 22
3 - 26 16
37 - 177 10
175 - 150 35
34 - 3 26
100 - 130 24
143 - 21 23
193 - 94 48
117 - 107 7
69 - 48 50
13 - 22 46
47 - 29 9
7 - 57 22
65 - 169 36
5 - 14 49
54 - 79 11
86 - 165 36
41 - 27 22
181 - 1 10
54 - 125 24
88 - 76 39
45 - 27 12
8 - 55 49
76 - 187 19
140 - 163 14
127 - 125 5
101 - 64 44
91 - 88 46
4 - 116 6
10 - 34 3
153 - 190 38
115 - 22 37
8 - 82 48
41 - 96 12
32 - 86 3
77 - 52 21
8 - 47 44
10 - 60 48
63 - 189 37
178 - 91 11
52 - 33 40
4 - 125 24
26 - 33 23
4 - 100 33
54 - 76 15
103 - 101 1
53 - 173 0
28 - 40 0
34 - 11 32
102 - 1 35
23 - 10 35
82 - 9 13
100 - 106 4
38 - 7 2
7 - 58 37
136 - 100 17
56 - 3 28
37 - 1 34
144 - 121 34
112 - 105 19
19 - 20 4
29 - 8 26
40 - 28 49
104 - 25 46
127 - 112 23
21 - 118 34
104 - 103 2
32 - 17 36
31 - 4 14
114 - 112 22
105 - 116 19
164 - 190 10
157 - 100 35
140 - 143 17
101 - 121 39
108 - 9 6
168 - 164 6
54 - 108 23
57 - 61 33
131 - 102 32
139 - 91 38
103 - 76 21
26 - 32 7
133 - 114 27
26 - 54 17
103 - 145 0
120 - 22 9
78 - 177 28
101 - 63 8
13 - 16 35
64 - 16 42
63 - 15 42
7 - 106 10
32 - 76 0
8 - 93 34
96 - 9 26
40 - 20 21
15 - 16 24
151 - 153 38
79 - 14 31
170 - 65 39
136 - 106 29
137 - 107 36
16 - 39 12
111 - 178 19
37 - 62 50
132 - 110 45
6 - 108 42
16 - 1 21
158 - 150 33
187 - 54 11
162 - 183 5
30 - 11 21
151 - 188 38
52 - 58 40
100 - 1 42
153 - 162 42
177 - 31 32
63 - 7 33
162 - 103 24
28 - 4 24
153 - 152 20
14 - 100 9
58 - 13 1
156 - 180 29
27 - 33 47
22 - 63 14
183 - 37 9
66 - 54 27
146 - 94 14
34 - 7 23
10 - 30 19
8 - 164 5
143 - 114 26
90 - 3 34
85 - 35 36
37 - 105 36
19 - 10 7
15 - 13 40
10 - 35 23
26 - 125 46
188 - 143 35
104 - 13 20
4 - 6 7
96 - 40 1
51 - 90 34
19 - 92 33
70 - 122 29
79 - 85 17
4 - 2 14
28 - 90 20
29 - 13 46
64 - 13 2
72 - 82 18
131 - 34 41
15 - 13 34
179 - 103 16
7 - 100 7
57 - 82 8
164 - 16 39
140 - 26 26
32 - 12 12
26 - 42 11
38 - 138 44
15 - 46 11
72 - 106 15
167 - 52 4
143 - 10 23
77 - 89 24
26 - 140 2
180 - 186 12
177 - 9 26
98 - 163 30
3 - 9 22
182 - 109 19
71 - 73 41
113 - 89 10
127 - 196 16
165 - 57 20
156 - 52 18
54 - 16 5
10 - 37 44
91 - 163 48
121 - 97 35
6 - 37 33
1 - 7 20
4 - 8 15
56 - 3 41
153 - 161 47
68 - 82 19
160 - 47 50
33 - 11 20
10 - 11 23
9 - 186 42
16 - 4 45
66 - 187 43
51 - 2 44
45 - 32 21
136 - 99 4
34 - 85 17
106 - 110 17
48 - 22 25
118 - 106 35
62 - 137 24
156 - 88 34
69 - 73 43
150 - 152 2
15 - 116 8
68 - 74 36
150 - 151 39
4 - 109 16
129 - 42 4
61 - 109 47
123 - 173 2
153 - 178 32
38 - 80 47
56 - 54 3
95 - 80 44
181 - 129 19
150 - 102 44
165 - 153 32
126 - 29 34
57 - 83 33
1 - 26 45
44 - 128 28
151 - 89 11
51 - 154 24
60 - 51 39
28 - 78 29
193 - 162 8
150 - 63 0
109 - 104 34
13 - 20 50
46 - 139 28
77 - 181 45
24 - 60 49
79 - 96 30
156 - 109 18
54 - 4 5
38 - 196 34
199 - 196 3
40 - 65 48
32 - 133 40
135 - 38 3
69 - 162 3
30 - 190 8
105 - 124 38
14 - 11 45
153 - 54 50
4 - 168 14
176 - 199 19
66 - 168 43
165 - 106 2
103 - 111 24
2 - 55 43
118 - 163 17
63 - 161 39
78 - 175 47
5 - 2 12
56 - 81 27
133 - 108 31
4 - 32 44
108 - 84 49
153 - 30 37
3 - 2 34
18 - 15 7
39 - 95 28
39 - 126 13
103 - 129 4
2 - 39 26
68 - 97 17
156 - 109 31
108 - 1 36
35 - 62 43
132 - 2 31
38 - 185 20
106 - 2 26
1 - 52 1
5 - 104 19
7 - 8 44
44 - 76 10
8 - 108 36
29 - 181 31
1 - 2 45
66 - 91 27
134 - 33 44
39 - 31 22
160 - 196 31
60 - 88 24
35 - 57 29
28 - 7 47
159 - 56 1
97 - 46 48
102 - 101 6
17 - 5 48
28 - 127 14
62 - 6 19
63 - 61 4
194 - 171 12
13 - 15 30
77 - 175 33
15 - 32 21
191 - 91 31
76 - 180 28
154 - 6 31
43 - 16 15
29 - 41 32
1 - 2 33
71 - 75 15
121 - 12 24
26 - 32 44
36 - 50 36
52 - 16 47
61 - 48 8
100 - 5 19
162 - 45 14
59 - 8 15
5 - 104 41
112 - 18 22
54 - 192 30
28 - 9 3
143 - 193 23
20 - 178 1
35 - 111 6
55 - 80 46
163 - 115 9
7 - 2 41
160 - 159 11
113 - 137 1
104 - 7 36
109 - 49 2
58 - 193 39
189 - 192 44
176 - 54 32
118 - 112 28
26 - 51 40
143 - 41 41
42 - 13 4
4 - 52 44
190 - 27 16
115 - 106 42
159 - 137 27
47 - 16 36
29 - 64 34
131 - 40 41
22 - 5 30
156 - 83 43
38 - 88 46
72 - 66 27
91 - 146 50
99 - 172 50
32 - 130 13
167 - 103 40
185 - 160 32
7 - 124 31
55 - 51 50
81 - 128 22
4 - 91 23
127 - 137 5
134 - 148 26
41 - 6 35
10 - 134 11
88 - 95 3
153 - 9 11
65 - 117 35
2 - 4 6
51 - 29 25
2 - 63 30
38 - 33 8
13 - 7 36
152 - 51 50
165 - 72 26
162 - 125 26
177 - 127 16
55 - 5 14
30 - 16 12
22 - 46 3
178 - 109 2
150 - 100 30
117 - 13 6
2 - 101 15
60 - 65 14
113 - 112 48
152 - 132 25
138 - 143 14
29 - 27 12
100 - 134 5
10 - 1 11
10 - 57 1
89 - 188 26
175 - 129 8
129 - 52 33
115 - 14 38
21 - 24 37
131 - 188 29
162 - 106 4
44 - 18 23
151 - 101 50
121 - 169 39
16 - 103 0
4 - 29 36
83 - 168 11
52 - 89 31
189 - 41 2
41 - 93 36
27 - 64 30
66 - 53 47
32 - 77 24
100 - 156 2
17 - 16 13
64 - 40 39
18 - 39 31
4 - 10 38
20 - 70 6
93 - 37 15
189 - 187 42
113 - 41 14
74 - 58 28
78 - 79 4
146 - 113 27
152 - 79 14
122 - 22 13
53 - 72 15
110 - 106 43
20 - 121 43
91 - 39 28
14 - 69 43
194 - 156 11
5 - 68 26
164 - 156 16
11 - 45 40
190 - 172 19
5 - 67 41
128 - 1 24
13 - 100 7
114 - 148 47
131 - 143 29
162 - 112 9
22 - 72 48
29 - 115 36
181 - 102 32
52 - 79 43
63 - 28 36
17 - 73 27
169 - 14 2
153 - 41 3
13 - 44 29
31 - 4 13
112 - 7 38
59 - 84 7
104 - 110 32
71 - 57 42
6 - 37 31
13 - 63 43
120 - 106 10
4 - 90 15
63 - 171 42
66 - 190 2
19 - 14 38
29 - 40 15
34 - 59 24
61 - 105 41
52 - 113 22
17 - 51 36
122 - 115 32
16 - 119 13
156 - 152 27
120 - 112 18
8 - 7 46
63 - 4 1
105 - 153 3
38 - 143 8
31 - 37 40
22 - 32 26
59 - 1 25
58 - 8 44
87 - 93 26
60 - 52 27
15 - 114 36
116 - 17 46
29 - 60 35
106 - 33 20
32 - 109 38
103 - 54 33
111 - 130 13
131 - 41 11
29 - 2 44
135 - 76 22
35 - 10 29
77 - 79 7
103 - 100 46
106 - 151 36
14 - 2 23
44 - 30 38
46 - 127 4
167 - 62 14
59 - 182 27
126 - 13 29
130 - 131 12
14 - 100 38
91 - 90 48
32 - 131 36
101 - 52 36
188 - 193 18
70 - 157 33
47 - 87 18
51 - 66 34
104 - 13 28
4 - 57 20
63 - 8 22
121 - 118 35
104 - 178 24
121 - 4 13
16 - 17 28
54 - 53 43
7 - 152 23
157 - 4 0
61 - 169 9
54 - 53 47
16 - 47 44
4 - 126 35
66 - 91 40
69 - 169 24
22 - 168 17
9 - 19 0
35 - 29 8
51 - 4 12
28 - 140 2
131 - 175 40
151 - 62 6
88 - 178 38
59 - 53 41
14 - 22 12
28 - 44 10
93 - 68 48
26 - 4 38
14 - 64 41
152 - 108 11
171 - 69 30
141 - 113 23
113 - 89 45
103 - 101 47
44 - 94 10
1 - 52 28
15 - 7 7
1 - 20 40
88 - 41 34
100 - 1 1
57 - 68 21
101 - 52 15
198 - 186 9
169 - 159 32
13 - 63 37
196 - 139 36
113 - 121 13
187 - 137 29
41 - 6 24
55 - 154 13
117 - 195 41
22 - 23 26
21 - 31 2
19 - 54 48
169 - 63 24
187 - 175 11
142 - 162 20
66 - 72 34
63 - 7 12
104 - 103 6
31 - 32 36
24 - 19 9
51 - 139 32
94 - 128 19
28 - 128 22
106 - 35 49
10 - 54 28
120 - 4 22
9 - 34 16
104 - 109 15
146 - 144 0
134 - 7 32
3 - 15 37
199 - 51 26
5 - 2 16
123 - 106 4
10 - 91 29
51 - 14 9
5 - 10 47
29 - 100 36
42 - 2 3
103 - 84 24
6 - 12 28
127 - 125 14
24 - 10 37
133 - 109 48
129 - 122 9
67 - 20 45
39 - 26 7
69 - 106 26
12 - 16 46
105 - 3 48
150 - 60 23
114 - 4 46
190 - 77 47
6 - 5 24
52 - 132 42
146 - 129 27
66 - 13 33
9 - 109 17
42 - 19 44
102 - 170 6
158 - 69 35
2 - 126 34
151 - 154 24
67 - 119 4
5 - 4 11
45 - 70 29
22 - 140 0
106 - 1 19
72 - 152 48
150 - 19 22
52 - 2 50
34 - 30 22
54 - 86 11
159 - 17 46
119 - 65 37
74 - 112 0
16 - 68 25
80 - 4 11
3 - 4 24
125 - 38 9
53 - 113 36
3 - 100 22
16 - 13 45
187 - 197 43
181 - 98 27
139 - 165 40
22 - 172 10
164 - 96 36
54 - 66 49
40 - 143 23
165 - 197 42
31 - 155 25
151 - 157 31
28 - 38 44
51 - 150 24
134 - 131 49
25 - 122 37
161 - 184 20
19 - 14 29
57 - 32 33
66 - 52 1
30 - 13 47
13 - 19 5
64 - 160 29
156 - 165 24
4 - 9 31
1 - 53 1
14 - 106 8
81 - 27 12
130 - 125 12
125 - 27 26
43 - 100 18
109 - 10 50
61 - 6 46
98 - 48 12
13 - 89 25
104 - 108 2
76 - 72 23
32 - 59 1
40 - 33 1
31 - 100 0
69 - 193 35
137 - 10 50
12 - 38 4
46 - 43 3
148 - 128 29
17 - 42 9
48 - 11 41
151 - 115 12
21 - 15 30
93 - 4 20
58 - 7 4
53 - 71 23
7 - 83 42
50 - 82 45
104 - 156 6
32 - 57 5
83 - 76 13
82 - 86 5
150 - 163 30
150 - 154 22
110 - 187 20
101 - 106 44
112 - 131 44
132 - 148 11
54 - 5 6
73 - 124 44
70 - 184 41
7 - 19 48
104 - 103 12
72 - 68 16
125 - 27 30
152 - 175 1
103 - 114 29
156 - 164 29
78 - 4 4
8 - 106 36
144 - 119 44
20 - 38 22
170 - 158 41
167 - 3 3
158 - 111 2
79 - 38 21
13 - 176 37
18 - 7 15
103 - 1 42
13 - 162 15
128 - 114 0
173 - 15 22
1 - 106 36
58 - 112 5
26 - 53 3
87 - 82 3
128 - 100 40
1 - 26 2
10 - 35 10
56 - 15 9
4 - 66 5
33 - 60 23
169 - 172 3
13 - 11 39
103 - 24 43
46 - 40 31
4 - 13 42
55 - 67 37
8 - 52 27
61 - 118 19
17 - 14 2
54 - 72 31
40 - 102 25
22 - 98 22
153 - 150 11
143 - 144 25
43 - 22 18
72 - 49 27
57 - 58 17
119 - 107 41
17 - 166 50
53 - 6 20
198 - 184 16
146 - 145 22
2 - 127 32
105 - 104 42
129 - 176 41
100 - 148 31
153 - 119 29
177 - 82 42
159 - 100 22
100 - 4 40
16 - 18 8
66 - 7 20
89 - 77 2
27 - 11 17
92 - 153 29
5 - 58 28
35 - 29 10
54 - 150 26
131 - 126 44
109 - 106 38
150 - 156 15
114 - 138 37
163 - 191 4
132 - 194 27
132 - 44 19
185 - 83 50
72 - 10 47
150 - 68 49
137 - 181 27
163 - 16 41
47 - 41 43
125 - 127 32
43 - 10 29
55 - 82 5
152 - 3 12
26 - 2 39
104 - 32 22
128 - 34 1
98 - 100 45
13 - 100 7
131 - 118 41
150 - 137 45
125 - 105 11
7 - 100 33
172 - 174 26
104 - 110 19
4 - 52 16
125 - 157 38
32 - 40 43
118 - 120 40
160 - 161 22
4 - 104 24
24 - 111 14
19 - 25 21
121 - 23 25
127 - 189 13
30 - 42 16
150 - 1 15
147 - 47 15
1 - 4 3
53 - 78 13
26 - 126 41
43 - 140 28
109 - 157 24
5 - 41 38
29 - 138 34
83 - 27 33
42 - 129 1
26 - 54 22
66 - 63 29
15 - 42 40
57 - 167 11
151 - 103 14
63 - 66 28
1 - 152 7
30 - 55 48
198 - 46 19
109 - 159 8
137 - 143 31
31 - 91 31
4 - 115 39
1 - 4 4
126 - 27 21
28 - 2 47
103 - 128 47
1 - 16 31
43 - 79 41
4 - 54 12
160 - 110 20
36 - 58 3
53 - 78 43
140 - 49 10
18 - 42 20
125 - 165 23
178 - 190 34
82 - 35 9
10 - 7 39
158 - 182 33
101 - 53 14
62 - 10 44
111 - 133 38
103 - 150 44
176 - 128 13
175 - 108 29
69 - 20 36
65 - 79 3
144 - 168 11
106 - 108 46
70 - 72 17
93 - 100 12
46 - 45 8
79 - 52 18
102 - 10 27
35 - 100 50
57 - 145 38
29 - 41 37
4 - 106 46
155 - 7 26
66 - 76 21
29 - 32 16
101 - 178 20
10 - 106 20
162 - 154 1
4 - 66 34
13 - 44 14
138 - 38 13
140 - 29 22
66 - 163 40
73 - 10 15
41 - 18 40
44 - 40 39
150 - 101 16
94 - 128 39
13 - 10 32
190 - 104 12
7 - 55 2
117 - 126 28
19 - 13 2
117 - 115 3
11 - 8 27
38 - 152 40
26 - 150 22
11 - 29 22
13 - 88 50
72 - 19 29
126 - 128 2
196 - 134 9
26 - 34 32
26 - 32 15
2 - 103 22
29 - 26 24
137 - 128 36
82 - 32 45
126 - 27 43
55 - 188 47
13 - 52 6
100 - 148 1
9 - 7 38
13 - 6 0
151 - 181 32
59 - 51 31
88 - 19 23
20 - 38 12
54 - 83 50
104 - 20 48
135 - 101 12
34 - 28 50
112 - 140 19
162 - 116 22
84 - 4 4
57 - 54 48
106 - 159 40
111 - 123 14
79 - 53 46
151 - 64 28
10 - 60 10
121 - 110 14
182 - 129 36
9 - 2 18
41 - 132 22
177 - 77 28
155 - 53 45
168 - 16 36
125 - 100 19
28 - 77 21
155 - 5 46
143 - 137 34
120 - 21 3
166 - 165 15
190 - 140 47
30 - 29 14
40 - 120 16
100 - 190 32
7 - 34 32
51 - 54 37
60 - 10 15
4 - 186 11
121 - 22 41
64 - 141 3
79 - 97 45
32 - 72 40
52 - 39 10
79 - 189 13
91 - 16 44
10 - 101 8
57 - 60 1
30 - 175 49
175 - 196 42
9 - 3 9
64 - 70 43
2 - 101 25
78 - 54 3
10 - 64 27
148 - 43 22
4 - 5 1
3 - 34 18
47 - 101 16
115 - 16 42
109 - 1 10
78 - 106 39
91 - 51 14
108 - 15 0
50 - 71 12
7 - 106 20
82 - 32 4
151 - 4 1
51 - 64 40
111 - 102 30
41 - 194 7
2 - 100 24
12 - 106 22
80 - 30 14
178 - 85 45
121 - 143 45
19 - 90 34
160 - 137 40
121 - 17 30
57 - 12 23
64 - 52 0
103 - 50 27
32 - 31 4
26 - 43 4
156 - 175 40
65 - 96 43
29 - 129 13
137 - 77 18
108 - 7 35
181 - 131 1
178 - 78 45
82 - 27 30
1 - 4 3
149 - 31 41
125 - 112 2
2 - 33 5
60 - 7 41
115 - 130 42
30 - 27 33
165 - 107 42
164 - 114 21
90 - 100 14
65 - 69 38
5 - 29 40
57 - 112 10
81 - 62 13
178 - 103 15
59 - 84 38
106 - 100 38
52 - 14 31
15 - 78 14
9 - 120 38
156 - 117 37
128 - 134 0
37 - 120 39
34 - 4 37
144 - 57 18
20 - 71 4
51 - 76 47
80 - 185 32
82 - 144 5
183 - 194 29
51 - 77 9
184 - 52 39
156 - 57 47
154 - 52 17
100 - 106 46
43 - 46 16
38 - 125 3
136 - 127 4
188 - 39 31
112 - 121 13
55 - 91 24
100 - 175 6
19 - 120 8
7 - 97 3
125 - 103 16
181 - 193 9
6 - 1 35
78 - 76 50
18 - 153 2
112 - 114 18
97 - 10 3
70 - 138 16
45 - 19 23
131 - 50 5
58 - 2 16
10 - 38 16
54 - 26 31
165 - 113 10
85 - 95 25
129 - 163 34
28 - 150 43
162 - 118 14
78 - 17 35
7 - 181 26
128 - 103 22
24 - 161 31
38 - 3 10
172 - 164 43
118 - 137 38
7 - 6 47
101 - 2 14
14 - 9 20
38 - 30 18
27 - 163 27
13 - 1 25
40 - 192 49
47 - 160 24
42 - 73 25
50 - 29 30
72 - 14 8
153 - 177 29
64 - 169 20
193 - 165 49
114 - 60 33
50 - 137 43
43 - 41 23
10 - 157 3
80 - 79 40
51 - 4 41
78 - 66 2
37 - 24 15
19 - 67 16
15 - 180 4
33 - 52 25
32 - 66 2
8 - 33 37
97 - 168 27
41 - 129 2
146 - 127 1
103 - 128 29
59 - 159 3
31 - 105 34
28 - 34 50
6 - 112 0
162 - 181 19
192 - 79 45
123 - 168 31
193 - 112 24
17 - 146 21
16 - 14 43
30 - 85 6
24 - 118 19
47 - 115 14
36 - 28 38
3 - 100 6
58 - 8 19
103 - 4 3
161 - 47 16
8 - 61 14
91 - 77 41
1 - 5 13
29 - 56 29
185 - 136 6
7 - 2 49
121 - 169 4
69 - 194 5
53 - 78 10
27 - 2 28
112 - 146 23
77 - 85 28
173 - 75 12
31 - 98 40
157 - 20 34
30 - 179 24
14 - 29 23
51 - 1 47
14 - 4 42
104 - 80 39
154 - 55 30
8 - 26 9
13 - 101 9
8 - 64 42
17 - 14 29
49 - 168 5
30 - 80 33
40 - 24 1
184 - 162 28
198 - 74 20
57 - 54 14
38 - 64 1
101 - 52 16
113 - 18 10
6 - 4 49
127 - 177 28
154 - 101 18
89 - 40 43
195 - 34 48
63 - 82 18
85 - 87 47
150 - 128 37
20 - 10 33
4 - 102 21
110 - 119 43
168 - 143 39
28 - 127 15
116 - 191 5
27 - 30 21
17 - 14 3
156 - 167 45
149 - 107 7
104 - 66 29
183 - 196 18
100 - 175 41
19 - 64 20
13 - 3 28
64 - 66 29
46 - 100 42
165 - 91 46
8 - 52 36
29 - 99 9
122 - 109 31
56 - 31 39
32 - 30 31
63 - 85 44
41 - 143 5
40 - 78 41
128 - 47 34
79 - 152 31
30 - 16 11
39 - 8 4
112 - 16 5
27 - 126 41
154 - 85 29
4 - 53 31
30 - 93 36
165 - 17 17
198 - 112 44
60 - 51 8
26 - 38 48
41 - 44 30
63 - 94 28
38 - 141 19
194 - 145 24
140 - 9 24
79 - 3 0
137 - 94 14
66 - 65 27
156 - 32 49
109 - 196 43
16 - 6 11
18 - 115 2
167 - 162 32
10 - 7 4
126 - 88 45
190 - 169 36
100 - 103 37
76 - 63 25
100 - 166 40
96 - 19 6
5 - 104 34
30 - 154 3
114 - 121 25
69 - 154 48
169 - 188 4
157 - 185 28
78 - 79 9
188 - 125 46
115 - 1 15
16 - 47 40
92 - 175 50
12 - 106 3
79 - 2 3
69 - 63 30
110 - 122 2
15 - 69 23
137 - 100 34
29 - 32 41
83 - 84 3
128 - 130 5
63 - 52 8
2 - 107 25
15 - 6 29
187 - 46 44
105 - 117 45
26 - 29 44
146 - 185 4
137 - 14 19
16 - 63 26
137 - 94 6
86 - 196 34
10 - 21 28
175 - 127 34
10 - 13 47
1 - 10 47
121 - 141 1
17 - 122 16
92 - 69 3
13 - 4 37
5 - 16 47
51 - 16 0
61 - 8 7
162 - 51 5
29 - 9 45
36 - 153 27
125 - 182 20
7 - 9 5
103 - 105 48
29 - 38 36
126 - 133 38
1 - 121 7
26 - 112 10
153 - 66 6
128 - 139 20
35 - 48 9
107 - 150 28
44 - 54 0
153 - 103 50
9 - 1 47
1 - 102 39
17 - 11 40
150 - 184 11
35 - 183 8
46 - 29 5
102 - 109 36
112 - 13 40
156 - 116 33
70 - 99 18
80 - 26 6
91 - 66 15
128 - 189 43
123 - 94 25
28 - 130 2
158 - 102 10
175 - 76 49
134 - 29 20
89 - 166 30
13 - 19 35
118 - 120 39
21 - 34 15
7 - 19 32
123 - 146 39
37 - 47 43
51 - 63 22
10 - 124 28
7 - 52 18
155 - 57 46
66 - 69 33
18 - 15 17
82 - 44 37
7 - 105 47
9 - 7 31
53 - 4 32
102 - 103 25
182 - 26 6
28 - 190 18
3 - 102 44
80 - 39 2
53 - 28 17
58 - 128 44
33 - 72 9
76 - 152 25
140 - 134 39
115 - 16 35
38 - 59 23
102 - 155 19
96 - 199 9
3 - 21 38
22 - 8 28
36 - 2 39
45 - 48 0
100 - 106 26
3 - 109 32
5 - 7 14
38 - 62 30
31 - 38 36
78 - 34 27
106 - 7 46
92 - 40 15
94 - 13 18
171 - 108 3
66 - 60 23
114 - 102 37
164 - 16 17
45 - 119 15
134 - 22 13
125 - 134 4
125 - 27 5
50 - 7 26
94 - 146 47
9 - 63 34
55 - 126 23
139 - 143 22
163 - 184 21
133 - 103 43
114 - 3 33
153 - 1 44
10 - 44 8
168 - 112 2
151 - 181 15
107 - 31 26
128 - 146 2
4 - 16 38
106 - 118 41
171 - 137 5
72 - 13 17
151 - 152 34
37 - 79 48
41 - 89 15
72 - 123 28
142 - 193 23
40 - 21 41
68 - 22 1
178 - 175 13
10 - 159 44
190 - 91 7
51 - 47 48
57 - 86 29
129 - 90 48
72 - 187 42
88 - 175 14
143 - 130 36
16 - 28 35
96 - 94 5
120 - 18 23
107 - 14 14
2 - 52 18
48 - 172 49
88 - 49 7
32 - 122 25
67 - 114 8
105 - 76 32
183 - 152 12
153 - 4 10
100 - 157 3
150 - 115 37
73 - 70 28
31 - 3 0
92 - 146 38
112 - 171 43
60 - 1 43
90 - 96 26
97 - 109 33
175 - 190 19
32 - 66 30
17 - 4 40
94 - 41 3
188 - 144 38
19 - 41 49
45 - 5 28
3 - 54 11
116 - 104 28
178 - 54 24
8 - 52 9
196 - 97 5
1 - 51 15
70 - 16 26
107 - 106 46
131 - 132 45
57 - 151 0
19 - 6 32
85 - 88 1
19 - 126 23
115 - 41 9
66 - 15 39
28 - 127 2
53 - 52 8
4 - 5 23
186 - 59 24
158 - 51 16
47 - 32 47
55 - 10 20
28 - 34 37
77 - 191 45
16 - 24 15
139 - 16 46
54 - 88 30
171 - 196 48
32 - 7 36
18 - 30 3
170 - 57 20
29 - 73 15
57 - 19 34
165 - 159 24
85 - 54 10
108 - 102 40
39 - 42 42
1 - 13 8
106 - 159 7
11 - 7 27
77 - 27 12
39 - 38 18
70 - 162 50
69 - 57 5
173 - 66 0
113 - 165 39
1 - 101 42
94 - 89 45
10 - 162 14
73 - 16 26
175 - 181 40
15 - 67 40
159 - 152 4
127 - 13 11
1 - 78 12
10 - 54 8
91 - 14 36
115 - 16 47
12 - 74 32
51 - 193 0
167 - 170 48
15 - 69 39
62 - 12 12
32 - 24 6
1 - 103 10
12 - 123 36
22 - 164 0
13 - 2 45
102 - 7 46
181 - 143 26
44 - 195 16
147 - 109 23
33 - 47 37
149 - 111 36
38 - 129 11
181 - 82 0
5 - 14 35
124 - 143 47
64 - 2 9
191 - 89 39
139 - 142 11
19 - 56 15
82 - 176 10
187 - 63 45
78 - 31 43
39 - 19 46
9 - 78 8
13 - 31 13
168 - 21 40
57 - 158 31
46 - 131 45
57 - 184 3
16 - 1 9
10 - 41 22
41 - 125 47
169 - 147 23
20 - 88 11
35 - 111 32
55 - 73 43
138 - 139 41
44 - 143 37
30 - 73 37
153 - 59 29
40 - 15 0
112 - 1 5
13 - 22 8
74 - 106 17
9 - 57 32
51 - 83 50
19 - 25 40
140 - 132 5
25 - 43 28
88 - 156 12
13 - 52 0
151 - 190 10
92 - 81 48
9 - 7 0
169 - 70 26
106 - 10 45
102 - 133 2
66 - 16 34
33 - 126 0
5 - 2 46
17 - 35 5
145 - 193 39
38 - 30 39
137 - 19 6
79 - 51 32
150 - 4 2
4 - 109 3
60 - 20 9
131 - 128 30
35 - 78 1
37 - 35 39
128 - 125 36
7 - 31 2
162 - 1 45
12 - 26 7
5 - 67 21
170 - 145 45
157 - 145 33
140 - 147 28
38 - 17 42
88 - 51 33
164 - 100 6
190 - 126 19
24 - 118 50
9 - 62 22
26 - 29 9
72 - 60 30
14 - 18 25
16 - 38 44
16 - 115 9
120 - 171 24
1 - 5 47
115 - 150 17
136 - 107 12
7 - 10 31
75 - 121 8
22 - 90 38
128 - 26 25
82 - 156 9
154 - 187 11
131 - 132 22
166 - 4 19
176 - 188 34
113 - 100 13
101 - 103 30
100 - 2 9
11 - 5 12
2 - 138 0
13 - 86 0
122 - 119 3
175 - 178 23
68 - 54 29
151 - 175 26
92 - 98 10
88 - 150 6
184 - 187 20
129 - 52 5
159 - 79 42
4 - 90 31
1 - 26 44
77 - 88 19
170 - 21 48
5 - 4 48
3 - 114 27
103 - 108 3
56 - 29 13
4 - 100 7
10 - 60 24
135 - 131 1
156 - 181 28
109 - 160 0
175 - 89 6
9 - 161 34
8 - 118 45
32 - 39 11
193 - 39 45
115 - 7 14
163 - 112 12
60 - 110 4
32 - 128 25
112 - 139 3
112 - 104 45
8 - 7 35
78 - 153 42
51 - 88 18
19 - 2 41
1 - 28 23
27 - 101 46
59 - 57 22
124 - 50 49
193 - 171 28
80 - 72 49
101 - 2 18
82 - 94 23
76 - 101 5
18 - 16 13
10 - 14 30
50 - 32 19
50 - 96 34
113 - 103 9
43 - 40 10
114 - 20 1
152 - 161 40
109 - 108 26
33 - 132 1
178 - 181 9
140 - 22 47
105 - 103 2
100 - 169 5
121 - 159 45
91 - 196 9
139 - 126 49
19 - 4 29
111 - 112 4
114 - 65 31
118 - 159 29
29 - 125 44
52 - 141 38
63 - 53 30
19 - 7 6
27 - 42 24
137 - 113 13
177 - 76 10
4 - 110 47
19 - 22 1
178 - 29 42
168 - 153 18
54 - 12 42
168 - 108 3
165 - 153 37
3 - 53 25
30 - 29 10
81 - 84 5
26 - 3 44
9 - 21 3
63 - 121 9
41 - 42 9
59 - 20 18
13 - 34 6
88 - 133 4
35 - 34 17
6 - 158 34
2 - 1 13
85 - 159 33
102 - 2 9
69 - 59 45
25 - 92 8
41 - 28 23
2 - 8 38
37 - 109 30
102 - 3 1
79 - 19 2
134 - 137 15
76 - 133 7
102 - 162 36
162 - 103 41
82 - 75 36
115 - 14 24
114 - 115 49
16 - 1 14
51 - 2 33
20 - 61 42
72 - 120 37
63 - 140 6
97 - 112 20
108 - 158 23
114 - 3 41
35 - 147 39
65 - 18 6
63 - 1 16
107 - 103 33
45 - 60 46
121 - 22 41
46 - 26 37
15 - 19 22
38 - 1 19
63 - 66 17
102 - 139 45
26 - 41 45
31 - 130 27
116 - 118 45
118 - 124 26
111 - 139 33
4 - 66 30
117 - 115 35
107 - 20 10
71 - 69 35
25 - 101 7
132 - 36 31
69 - 150 1
13 - 38 42
64 - 14 27
26 - 65 11
4 - 9 47
153 - 62 22
156 - 125 42
93 - 79 30
35 - 22 44
13 - 127 2
1 - 8 31
142 - 193 18
1 - 2 50
136 - 131 38
26 - 40 4
176 - 131 32
82 - 96 9
150 - 106 7
55 - 30 13
102 - 26 43
66 - 56 29
8 - 140 46
44 - 18 14
13 - 33 9
187 - 192 10
32 - 140 45
127 - 88 2
114 - 103 42
128 - 47 40
153 - 155 48
153 - 156 49
119 - 158 50
193 - 44 12
150 - 7 29
126 - 104 21
118 - 162 47
38 - 16 20
2 - 39 39
172 - 167 0
112 - 35 24
91 - 78 28
95 - 90 37
175 - 26 35
51 - 102 20
64 - 58 12
105 - 7 12
7 - 1 50
100 - 150 41
109 - 118 45
106 - 100 45
25 - 50 2
16 - 22 19
26 - 28 25
47 - 84 13
4 - 100 15
182 - 104 18
155 - 53 5
128 - 121 43
18 - 190 13
32 - 19 41
137 - 28 5
113 - 169 17
56 - 168 31
57 - 30 50
132 - 100 8
181 - 193 38
32 - 140 46
97 - 35 39
26 - 28 31
46 - 19 16
13 - 42 7
63 - 51 29
12 - 6 49
104 - 5 1
178 - 92 37
174 - 165 26
66 - 177 16
15 - 10 48
107 - 22 1
25 - 110 6
70 - 14 44
84 - 57 48
3 - 152 42
155 - 103 14
140 - 47 29
144 - 107 10
102 - 1 30
163 - 77 7
59 - 108 40
85 - 186 17
1 - 57 1
82 - 63 19
151 - 117 21
102 - 133 13
3 - 1 2
3 - 4 20
68 - 88 49
22 - 116 38
76 - 52 41
104 - 137 5
100 - 65 40
29 - 128 8
106 - 193 39
156 - 177 45
62 - 158 38
55 - 23 18
42 - 52 14
14 - 73 1
108 - 120 0
168 - 98 42
7 - 60 10
9 - 32 25
21 - 22 13
54 - 152 42
52 - 64 44
196 - 193 42
32 - 33 47
79 - 8 45
137 - 112 6
121 - 1 33
121 - 171 8
153 - 175 38
118 - 11 32
9 - 108 40
70 - 69 5
8 - 58 19
123 - 148 38
10 - 180 8
63 - 27 32
10 - 3 42
2 - 103 13
103 - 129 34
165 - 156 27
136 - 81 40
170 - 114 10
23 - 5 47
30 - 88 11
1 - 26 12
87 - 43 35
30 - 129 4
99 - 41 40
65 - 19 8
125 - 1 0
113 - 143 49
117 - 114 24
21 - 164 15
180 - 155 20
167 - 148 5
121 - 168 4
196 - 41 17
29 - 4 41
103 - 60 8
33 - 2 48
7 - 5 3
65 - 57 33
156 - 163 45
109 - 103 8
6 - 3 19
69 - 89 50
10 - 4 11
18 - 186 28
6 - 4 2
16 - 50 30
31 - 32 27
21 - 44 15
13 - 63 30
49 - 12 4
31 - 32 48
1 - 100 12
16 - 118 17
82 - 32 35
1 - 105 34
76 - 38 16
131 - 10 31
1 - 59 20
32 - 37 13
192 - 190 13
28 - 63 8
65 - 59 28
194 - 39 24
59 - 23 14
63 - 171 37
106 - 26 50
186 - 145 43
101 - 8 34
131 - 142 18
64 - 88 31
128 - 137 5
53 - 181 41
27 - 79 8
128 - 18 9
136 - 170 7
18 - 98 9
162 - 15 13
108 - 51 30
89 - 63 36
106 - 156 19
104 - 32 44
159 - 109 19
59 - 82 21
35 - 10 7
43 - 99 18
126 - 137 37
60 - 69 3
123 - 121 47
157 - 99 7
33 - 79 42
162 - 139 20
65 - 53 48
111 - 34 17
156 - 57 32
143 - 35 13
110 - 83 30
157 - 2 27
88 - 193 11
67 - 166 25
3 - 156 4
134 - 29 7
44 - 4 11
11 - 54 29
164 - 84 40
22 - 3 34
183 - 133 7
52 - 79 38
54 - 67 49
154 - 55 27
129 - 116 27
27 - 41 11
161 - 162 46
38 - 118 3
34 - 36 11
26 - 129 44
28 - 133 24
73 - 63 32
69 - 57 39
103 - 156 34
64 - 77 12
1 - 2 26
36 - 9 47
118 - 125 5
21 - 122 2
1 - 63 16
176 - 95 8
55 - 83 1
180 - 65 30
16 - 25 19
55 - 89 20
146 - 145 40
7 - 13 40
22 - 20 46
104 - 3 22
63 - 66 4
59 - 161 10
22 - 110 16
31 - 102 15
181 - 54 43
172 - 107 11
112 - 113 7
178 - 138 50
135 - 13 2
26 - 90 20
58 - 11 29
71 - 152 40
83 - 64 35
33 - 20 4
130 - 28 34
51 - 84 50
69 - 181 5
80 - 155 2
33 - 11 18
10 - 103 41
32 - 119 29
169 - 45 1
3 - 90 22
44 - 106 19
72 - 89 47
65 - 78 29
102 - 105 45
26 - 43 43
88 - 23 36
35 - 7 19
101 - 129 38
32 - 36 30
58 - 83 10
106 - 35 19
9 - 91 47
153 - 60 3
165 - 66 15
78 - 53 31
82 - 44 17
180 - 130 32
54 - 76 37
72 - 71 20
2 - 91 9
28 - 84 21
193 - 171 33
58 - 21 50
116 - 100 29
184 - 86 6
97 - 86 14
77 - 55 45
162 - 13 32
44 - 88 24
129 - 98 12
179 - 191 27
113 - 107 42
165 - 116 2
63 - 72 25
44 - 128 47
69 - 82 12
127 - 53 20
20 - 70 17
63 - 38 26
27 - 92 40
32 - 156 50
91 - 54 49
150 - 166 26
60 - 56 30
99 - 176 5
29 - 37 25
146 - 114 6
106 - 8 42
192 - 180 28
16 - 13 10
120 - 61 46
13 - 10 3
178 - 66 9
97 - 27 0
144 - 45 35
41 - 104 17
57 - 69 10
166 - 112 31
10 - 59 4
189 - 175 44
125 - 105 5
119 - 131 23
13 - 14 29
83 - 56 36
165 - 178 9
82 - 28 16
53 - 152 19
93 - 190 33
14 - 41 34
137 - 37 21
141 - 143 12
100 - 32 4
26 - 125 20
16 - 42 37
35 - 131 2
122 - 169 1
26 - 80 8
70 - 1 22
112 - 125 49
19 - 152 36
112 - 103 9
9 - 72 0
38 - 37 7
102 - 162 13
13 - 2 35
162 - 165 22
57 - 51 44
44 - 125 49
20 - 66 27
177 - 40 46
115 - 5 20
62 - 153 44
79 - 46 7
165 - 79 20
103 - 109 27
135 - 132 39
32 - 28 14
112 - 103 4
100 - 90 10
110 - 101 7
19 - 38 17
140 - 38 28
18 - 102 50
4 - 29 47
107 - 169 18
137 - 86 42
106 - 8 4
1 - 100 30
2 - 131 17
3 - 1 50
70 - 52 28
153 - 152 12
100 - 176 20
54 - 6 48
113 - 103 1
130 - 108 37
57 - 156 15
26 - 76 27
138 - 137 10
37 - 29 15
57 - 169 8
101 - 107 0
45 - 82 4
4 - 42 32
15 - 108 14
47 - 7 1
38 - 66 24
160 - 101 43
19 - 82 23
2 - 58 26
35 - 140 15
192 - 28 14
84 - 51 44
140 - 134 20
101 - 178 7
182 - 173 16
103 - 131 17
4 - 10 11
114 - 102 10
54 - 184 47
19 - 69 15
27 - 2 34
59 - 159 37
5 - 55 12
47 - 82 15
106 - 104 13
171 - 138 1
112 - 164 31
109 - 57 23
166 - 199 29
57 - 79 22
68 - 22 39
158 - 166 35
63 - 13 35
7 - 175 10
59 - 34 44
16 - 85 42
137 - 33 40
100 - 128 0
62 - 159 31
131 - 180 31
82 - 30 14
70 - 39 25
19 - 112 37
114 - 13 8
7 - 102 21
83 - 39 6
106 - 13 25
59 - 60 0
43 - 16 27
121 - 165 12
8 - 20 23
89 - 190 30
158 - 9 2
116 - 4 48
102 - 22 50
35 - 36 15
88 - 77 1
2 - 67 25
140 - 128 10
15 - 164 17
2 - 104 42
65 - 19 20
19 - 121 11
163 - 15 35
103 - 109 18
18 - 165 14
100 - 101 23
103 - 119 32
190 - 89 35
175 - 1 12
30 - 10 35
102 - 138 44
70 - 194 2
134 - 26 45
64 - 54 12
99 - 96 23
88 - 164 24
46 - 71 5
100 - 101 35
14 - 16 40
19 - 115 43
13 - 4 22
60 - 74 5
102 - 1 49
137 - 143 25
10 - 69 32
125 - 113 25
154 - 160 6
189 - 137 50
166 - 165 25
53 - 153 48
176 - 104 32
153 - 168 25
110 - 116 24
118 - 144 3
4 - 21 36
181 - 156 8
88 - 191 50
100 - 69 29
7 - 156 25
158 - 113 12
139 - 110 47
71 - 164 46
51 - 180 45
110 - 106 45
1 - 138 21
147 - 131 6
41 - 49 45
193 - 90 46
48 - 141 27
44 - 133 47
47 - 44 18
192 - 164 18
29 - 26 17
105 - 111 14
106 - 19 36
111 - 161 17
140 - 63 16
42 - 71 28
14 - 42 20
115 - 114 22
140 - 165 16
148 - 152 0
14 - 16 46
83 - 82 9
85 - 86 42
181 - 103 22
41 - 76 6
106 - 9 25
184 - 198 49
156 - 69 34
55 - 60 32
86 - 52 30
63 - 3 35
12 - 111 48
58 - 72 47
122 - 70 49
6 - 49 7
149 - 129 26
40 - 41 10
52 - 128 8
13 - 64 46
125 - 137 35
14 - 20 11
27 - 77 39
98 - 91 45
6 - 62 10
165 - 113 9
1 - 42 34
22 - 67 15
57 - 26 4
150 - 57 47
18 - 92 40
74 - 72 39
117 - 114 48
45 - 76 46
13 - 118 46
4 - 29 22
8 - 10 27
85 - 83 10
72 - 114 35
116 - 38 8
150 - 137 29
156 - 153 40
1 - 2 50
113 - 41 16
76 - 4 19
36 - 8 14
65 - 40 31
64 - 95 25
82 - 103 15
110 - 106 44
182 - 80 23
113 - 140 36
153 - 115 0
38 - 47 8
79 - 112 31
171 - 169 1
88 - 162 28
51 - 56 24
19 - 15 12
56 - 150 36
158 - 156 7
76 - 82 47
31 - 43 10
159 - 51 17
116 - 122 19
60 - 58 30
19 - 113 26
100 - 140 30
107 - 15 31
43 - 30 9
13 - 72 21
157 - 88 21
65 - 89 42
53 - 112 8
156 - 91 25
159 - 166 28
32 - 1 17
132 - 146 3
132 - 60 46
101 - 125 9
97 - 79 29
102 - 127 29
27 - 10 20
50 - 124 16
110 - 101 43
9 - 32 4
12 - 136 47
7 - 134 37
20 - 39 0
164 - 192 34
54 - 35 21
9 - 170 41
27 - 135 50
32 - 44 19
153 - 54 14
125 - 1 19
159 - 112 50
19 - 47 37
57 - 8 30
33 - 126 7
51 - 31 50
10 - 35 21
59 - 84 35
17 - 113 4
11 - 35 8
122 - 172 27
190 - 162 0
171 - 63 32
4 - 188 50
166 - 64 17
91 - 42 10
112 - 63 35
117 - 144 41
71 - 21 2
155 - 66 14
53 - 54 34
57 - 152 27
51 - 151 34
15 - 13 1
57 - 21 23
125 - 76 14
133 - 32 12
134 - 172 18
50 - 41 38
158 - 171 49
33 - 32 2
2 - 7 23
181 - 186 14
2 - 20 40
69 - 192 47
84 - 161 38
187 - 144 41
154 - 106 24
111 - 109 25
7 - 119 11
142 - 148 34
111 - 155 10
78 - 59 20
9 - 41 23
1 - 4 31
164 - 152 8
106 - 6 34
91 - 16 16
156 - 106 46
35 - 77 45
59 - 1 10
3 - 59 6
156 - 8 14
145 - 34 0
111 - 119 10
26 - 78 10
54 - 53 9
179 - 129 42
60 - 85 38
183 - 181 32
76 - 175 12
11 - 36 30
153 - 75 46
104 - 106 35
127 - 150 9
10 - 113 42
59 - 54 7
57 - 72 41
152 - 109 42
1 - 22 45
115 - 101 0
55 - 83 28
71 - 57 3
121 - 126 23
109 - 106 2
107 - 162 42
156 - 63 18
14 - 13 29
46 - 96 48
83 - 82 17
109 - 76 12
176 - 101 11
138 - 4 10
103 - 16 34
1 - 54 34
67 - 38 11
116 - 141 38